Date,Tendencia_7d,Tendencia_50d,Forca_Tendencia,Forca_Movimento,Velas_Alta_Consecutivas
2018-06-22,Baixa,Baixa,,0.78,1
2018-06-25,Baixa,Baixa,,-0.70,0
2018-06-26,Baixa,Baixa,,-0.45,0
2018-06-27,Baixa,Baixa,,-0.51,0
2018-06-28,Baixa,Baixa,,-0.27,0
2018-06-29,Baixa,Baixa,-8.65,-0.42,0
2018-07-02,Baixa,Baixa,-7.64,-0.48,0
2018-07-03,Baixa,Baixa,-7.59,-0.26,0
2018-07-05,Baixa,Baixa,-7.49,0.37,1
2018-07-06,Baixa,Baixa,-7.11,-0.06,0
2018-07-09,Baixa,Baixa,-6.85,-0.62,0
2018-07-10,Baixa,Baixa,-6.18,-0.44,0
2018-07-11,Baixa,Baixa,-6.08,-0.57,0
2018-07-12,Baixa,Baixa,-5.91,0.67,1
2018-07-13,Alta,Baixa,-5.56,0.21,2
2018-07-16,Alta,Baixa,-4.71,-0.33,0
2018-07-17,Alta,Baixa,-3.44,0.53,1
2018-07-18,Alta,Alta,-2.00,0.23,2
2018-07-19,Alta,Baixa,-1.26,-0.16,0
2018-07-20,Baixa,Baixa,-0.93,-0.23,0
2018-07-23,Baixa,Baixa,-0.70,-0.53,0
2018-07-24,Baixa,Baixa,-1.02,-0.28,0
2018-07-25,Baixa,Baixa,-1.44,-0.22,0
2018-07-26,Baixa,Baixa,-1.82,-0.85,0
2018-07-27,Baixa,Baixa,-2.10,-0.40,0
2018-07-30,Baixa,Baixa,-2.27,-0.71,0
2018-07-31,Baixa,Baixa,-2.40,-0.07,0
2018-08-01,Baixa,Baixa,-2.52,0.04,1
2018-08-02,Baixa,Baixa,-2.50,0.19,2
2018-08-03,Baixa,Baixa,-2.40,-0.16,0
2018-08-06,Baixa,Baixa,-2.32,-0.39,0
2018-08-07,Baixa,Baixa,-2.24,0.05,1
2018-08-08,Baixa,Baixa,-2.10,0.05,2
2018-08-09,Baixa,Baixa,-2.08,-0.34,0
2018-08-10,Baixa,Baixa,-2.02,0.27,1
2018-08-13,Alta,Baixa,-1.77,0.56,2
2018-08-14,Alta,Baixa,-1.59,-0.50,0
2018-08-15,Baixa,Baixa,-1.52,-0.38,0
2018-08-16,Alta,Baixa,-1.33,0.52,1
2018-08-17,Alta,Baixa,-1.19,-0.07,0
2018-08-20,Alta,Baixa,-1.16,0.40,1
2018-08-21,Alta,Baixa,-1.07,-0.11,0
2018-08-22,Alta,Baixa,-0.76,0.42,1
2018-08-23,Alta,Alta,-0.51,0.23,2
2018-08-24,Alta,Baixa,-0.35,-0.56,0
2018-08-27,Baixa,Baixa,-0.36,-0.68,0
2018-08-28,Baixa,Baixa,-0.37,0.06,1
2018-08-29,Baixa,Baixa,-0.45,0.57,2
2018-08-30,Alta,Alta,-0.29,0.62,3
2018-08-31,Alta,Alta,-0.02,0.02,4
2018-09-04,Alta,Alta,-0.20,0.50,5
2018-09-05,Alta,Alta,-0.24,-0.04,0
2018-09-06,Alta,Alta,-0.33,-0.05,0
2018-09-07,Alta,Alta,-0.61,0.40,1
2018-09-10,Alta,Alta,-0.82,-0.15,0
2018-09-11,Alta,Alta,-0.33,0.35,1
2018-09-12,Baixa,Alta,0.09,-0.56,0
2018-09-13,Baixa,Alta,0.43,-0.19,0
2018-09-14,Baixa,Alta,0.50,-0.72,0
2018-09-17,Baixa,Baixa,0.32,-0.47,0
2018-09-18,Baixa,Baixa,0.18,0.05,1
2018-09-19,Baixa,Baixa,-0.04,-0.28,0
2018-09-20,Baixa,Baixa,-0.19,-0.18,0
2018-09-21,Baixa,Baixa,-0.27,-0.24,0
2018-09-24,Alta,Baixa,-0.15,0.64,1
2018-09-25,Alta,Baixa,-0.18,-0.01,0
2018-09-26,Alta,Baixa,-0.39,-0.45,0
2018-09-27,Baixa,Baixa,-0.71,-0.77,0
2018-09-28,Baixa,Baixa,-0.87,0.01,1
2018-10-01,Alta,Baixa,-0.94,0.20,2
2018-10-02,Baixa,Baixa,-1.01,-0.22,0
2018-10-03,Baixa,Baixa,-0.85,-0.02,0
2018-10-04,Baixa,Baixa,-0.70,-0.64,0
2018-10-05,Baixa,Baixa,-0.55,-0.15,0
2018-10-08,Baixa,Baixa,-0.48,-0.21,0
2018-10-09,Baixa,Baixa,-0.45,-0.04,0
2018-10-10,Baixa,Baixa,-0.47,-0.32,0
2018-10-11,Baixa,Baixa,-0.45,-0.50,0
2018-10-12,Baixa,Baixa,-0.58,-0.49,0
2018-10-15,Baixa,Baixa,-0.71,0.29,1
2018-10-16,Baixa,Baixa,-0.75,0.43,2
2018-10-17,Baixa,Baixa,-0.78,-0.30,0
2018-10-18,Baixa,Baixa,-0.80,-0.65,0
2018-10-19,Baixa,Baixa,-0.71,-0.10,0
2018-10-22,Baixa,Baixa,-0.72,-0.47,0
2018-10-23,Baixa,Baixa,-0.94,0.12,1
2018-10-24,Baixa,Baixa,-1.12,-0.40,0
2018-10-25,Baixa,Baixa,-1.26,-0.33,0
2018-10-26,Baixa,Baixa,-1.51,-0.35,0
2018-10-29,Baixa,Baixa,-1.76,-0.41,0
2018-10-30,Baixa,Baixa,-1.98,-0.38,0
2018-10-31,Baixa,Baixa,-2.22,-0.21,0
2018-11-01,Baixa,Baixa,-2.56,0.20,1
2018-11-02,Baixa,Baixa,-2.83,0.13,2
2018-11-05,Baixa,Baixa,-2.99,-0.26,0
2018-11-06,Baixa,Baixa,-2.97,-0.08,0
2018-11-07,Baixa,Baixa,-3.00,-0.43,0
2018-11-08,Baixa,Baixa,-3.07,-0.30,0
2018-11-09,Baixa,Baixa,-3.40,0.42,1
2018-11-12,Baixa,Baixa,-3.97,-0.88,0
2018-11-13,Baixa,Baixa,-4.96,-0.95,0
2018-11-14,Baixa,Baixa,-5.92,-0.33,0
2018-11-15,Baixa,Baixa,-6.77,-0.10,0
2018-11-16,Baixa,Baixa,-7.44,-0.14,0
2018-11-19,Baixa,Baixa,-7.99,-0.95,0
2018-11-20,Baixa,Baixa,-8.34,-0.31,0
2018-11-21,Baixa,Baixa,-8.57,0.24,1
2018-11-23,Baixa,Baixa,-8.75,0.67,2
2018-11-26,Baixa,Baixa,-8.75,-0.45,0
2018-11-27,Alta,Baixa,-8.39,0.79,1
2018-11-28,Alta,Baixa,-7.88,0.17,2
2018-11-29,Alta,Baixa,-7.37,0.11,3
2018-11-30,Alta,Baixa,-6.92,-0.43,0
2018-12-03,Alta,Baixa,-6.55,0.17,1
2018-12-04,Baixa,Baixa,-6.62,-0.61,0
2018-12-06,Baixa,Baixa,-6.82,-0.76,0
2018-12-07,Baixa,Baixa,-7.28,-0.93,0
2018-12-10,Baixa,Baixa,-7.68,0.00,0
2018-12-11,Baixa,Baixa,-8.19,-0.62,0
2018-12-12,Baixa,Baixa,-8.61,-0.10,0
2018-12-13,Baixa,Baixa,-9.03,-0.69,0
2018-12-14,Baixa,Baixa,-9.40,-0.54,0
2018-12-17,Alta,Baixa,-9.51,0.52,1
2018-12-18,Baixa,Baixa,-9.58,-0.84,0
2018-12-19,Alta,Baixa,-9.38,0.93,1
2018-12-20,Alta,Baixa,-9.05,0.10,2
2018-12-21,Alta,Baixa,-8.60,-0.05,0
2018-12-24,Alta,Baixa,-8.38,-0.58,0
2018-12-26,Alta,Baixa,-7.97,0.13,1
2018-12-27,Alta,Baixa,-7.84,-0.43,0
2018-12-28,Baixa,Baixa,-7.88,0.13,1
2018-12-31,Alta,Baixa,-7.79,0.81,2
2019-01-02,Alta,Baixa,-7.49,0.78,3
2019-01-03,Alta,Alta,-7.19,0.45,4
2019-01-04,Alta,Alta,-6.53,0.66,5
2019-01-07,Alta,Alta,-6.02,-0.92,0
2019-01-08,Baixa,Baixa,-5.99,-0.94,0
2019-01-09,Baixa,Baixa,-6.19,-0.42,0
2019-01-10,Baixa,Baixa,-6.40,0.31,1
2019-01-11,Baixa,Baixa,-6.92,-0.58,0
2019-01-14,Baixa,Baixa,-7.18,-0.47,0
2019-01-15,Baixa,Baixa,-7.15,-0.47,0
2019-01-16,Baixa,Baixa,-7.26,-0.23,0
2019-01-17,Baixa,Baixa,-7.52,0.22,1
2019-01-18,Alta,Baixa,-7.61,0.36,2
2019-01-22,Alta,Baixa,-7.54,0.73,3
2019-01-23,Alta,Baixa,-7.28,0.53,4
2019-01-24,Alta,Baixa,-6.78,0.16,5
2019-01-25,Alta,Baixa,-6.26,-0.22,0
2019-01-28,Alta,Alta,-5.53,0.32,1
2019-01-29,Alta,Alta,-4.48,0.35,2
2019-01-30,Alta,Alta,-3.47,0.43,3
2019-01-31,Alta,Alta,-2.45,0.58,4
2019-02-01,Alta,Alta,-1.40,-0.42,0
2019-02-04,Alta,Alta,-0.50,0.57,1
2019-02-05,Alta,Alta,0.18,0.28,2
2019-02-06,Alta,Alta,0.78,0.44,3
2019-02-07,Alta,Alta,1.19,0.20,4
2019-02-08,Baixa,Alta,1.45,-0.80,0
2019-02-11,Baixa,Alta,1.43,0.05,1
2019-02-12,Baixa,Alta,1.02,0.00,0
2019-02-13,Baixa,Alta,0.60,0.57,1
2019-02-14,Alta,Alta,0.47,0.42,2
2019-02-15,Baixa,Alta,0.31,-0.71,0
2019-02-19,Alta,Alta,0.28,-0.33,0
2019-02-20,Baixa,Alta,0.50,0.05,1
2019-02-21,Alta,Alta,1.30,0.88,2
2019-02-22,Alta,Alta,2.31,0.43,3
2019-02-25,Alta,Alta,3.66,-0.28,0
2019-02-26,Alta,Alta,4.89,-0.27,0
2019-02-27,Alta,Alta,6.10,-0.04,0
2019-02-28,Alta,Alta,6.77,-0.11,0
2019-03-01,Alta,Alta,6.79,0.21,1
2019-03-04,Baixa,Alta,6.56,-0.78,0
2019-03-05,Baixa,Alta,6.03,-0.46,0
2019-03-06,Baixa,Alta,5.21,-0.41,0
2019-03-07,Baixa,Alta,4.43,0.71,1
2019-03-08,Baixa,Alta,3.76,-0.58,0
2019-03-11,Baixa,Alta,3.30,0.59,1
2019-03-12,Baixa,Alta,3.12,-0.58,0
2019-03-13,Baixa,Alta,3.12,-0.06,0
2019-03-14,Baixa,Alta,2.82,-0.22,0
2019-03-15,Baixa,Alta,2.36,0.50,1
2019-03-18,Alta,Alta,1.86,0.76,2
2019-03-19,Alta,Alta,1.26,0.12,3
2019-03-20,Alta,Alta,0.95,-0.17,0
2019-03-21,Alta,Alta,1.46,0.96,1
2019-03-22,Alta,Alta,2.13,-0.56,0
2019-03-25,Baixa,Alta,2.62,-0.52,0
2019-03-26,Baixa,Alta,3.29,-0.53,0
2019-03-27,Baixa,Alta,3.73,-0.27,0
2019-03-28,Baixa,Alta,3.61,0.47,1
2019-03-29,Baixa,Baixa,3.40,-0.84,0
2019-04-01,Baixa,Baixa,3.20,-0.46,0
2019-04-02,Baixa,Baixa,2.78,-0.89,0
2019-04-03,Baixa,Baixa,2.06,-0.67,0
2019-04-04,Baixa,Baixa,1.24,0.46,1
2019-04-05,Baixa,Baixa,0.59,-0.13,0
2019-04-08,Baixa,Baixa,0.00,-0.35,0
2019-04-09,Baixa,Baixa,-0.39,0.08,1
2019-04-10,Baixa,Baixa,-0.52,-0.45,0
2019-04-11,Baixa,Baixa,-0.68,-0.31,0
2019-04-12,Alta,Baixa,-0.88,0.62,1
2019-04-15,Alta,Baixa,-0.84,0.80,2
2019-04-16,Alta,Baixa,-0.91,-0.46,0
2019-04-17,Baixa,Baixa,-1.10,-0.72,0
2019-04-18,Alta,Baixa,-1.15,0.97,1
2019-04-22,Alta,Baixa,-1.24,-0.54,0
2019-04-23,Alta,Baixa,-1.31,0.04,1
2019-04-24,Baixa,Baixa,-1.28,-0.28,0
2019-04-25,Alta,Baixa,-1.04,0.96,1
2019-04-26,Alta,Baixa,-0.97,-0.75,0
2019-04-29,Alta,Baixa,-0.89,0.04,1
2019-04-30,Alta,Baixa,-0.94,-0.08,0
2019-05-01,Alta,Baixa,-0.89,0.61,1
2019-05-02,Alta,Baixa,-0.95,-0.24,0
2019-05-03,Baixa,Baixa,-1.14,-0.14,0
2019-05-06,Baixa,Baixa,-1.67,-0.58,0
2019-05-07,Baixa,Baixa,-2.35,-0.27,0
2019-05-08,Baixa,Baixa,-3.05,-0.42,0
2019-05-09,Baixa,Baixa,-3.64,0.35,1
2019-05-10,Baixa,Baixa,-4.03,-0.36,0
2019-05-13,Baixa,Baixa,-4.17,-1.00,0
2019-05-14,Baixa,Baixa,-4.23,-0.52,0
2019-05-15,Baixa,Baixa,-4.70,-0.96,0
2019-05-16,Baixa,Baixa,-5.12,0.17,1
2019-05-17,Baixa,Baixa,-5.85,-0.77,0
2019-05-20,Baixa,Baixa,-6.27,0.18,1
2019-05-21,Baixa,Baixa,-6.84,0.08,2
2019-05-22,Baixa,Baixa,-7.07,-0.79,0
2019-05-23,Baixa,Baixa,-7.46,-0.44,0
2019-05-24,Baixa,Baixa,-7.54,-0.44,0
2019-05-28,Baixa,Baixa,-7.94,-0.84,0
2019-05-29,Baixa,Baixa,-8.48,-0.60,0
2019-05-30,Baixa,Baixa,-9.08,-0.68,0
2019-05-31,Baixa,Baixa,-9.73,-0.50,0
2019-06-03,Baixa,Baixa,-10.66,-0.28,0
2019-06-04,Baixa,Baixa,-11.30,0.07,1
2019-06-05,Baixa,Baixa,-11.67,-0.14,0
2019-06-06,Baixa,Baixa,-11.83,-0.82,0
2019-06-07,Alta,Baixa,-11.66,0.84,1
2019-06-10,Alta,Baixa,-11.36,-0.86,0
2019-06-11,Alta,Baixa,-11.06,-0.48,0
2019-06-12,Baixa,Baixa,-10.73,-0.73,0
2019-06-13,Alta,Baixa,-10.13,0.96,1
2019-06-14,Alta,Baixa,-9.63,-0.92,0
2019-06-17,Baixa,Baixa,-9.03,0.13,1
2019-06-18,Baixa,Baixa,-8.66,-0.85,0
2019-06-19,Alta,Baixa,-8.24,0.62,1
2019-06-20,Alta,Baixa,-8.23,0.21,2
2019-06-21,Alta,Baixa,-8.30,0.52,3
2019-06-24,Baixa,Baixa,-8.41,-0.74,0
2019-06-25,Baixa,Baixa,-8.64,-0.75,0
2019-06-26,Baixa,Baixa,-9.24,0.20,1
2019-06-27,Baixa,Baixa,-9.72,0.36,2
2019-06-28,Alta,Baixa,-10.06,0.89,3
2019-07-01,Alta,Baixa,-10.67,-0.55,0
2019-07-02,Alta,Baixa,-10.94,0.36,1
2019-07-03,Baixa,Baixa,-11.09,-0.56,0
2019-07-05,Baixa,Baixa,-11.38,-0.16,0
2019-07-08,Baixa,Baixa,-12.06,-0.12,0
2019-07-09,Baixa,Baixa,-12.42,-0.67,0
2019-07-10,Baixa,Baixa,-12.99,-0.60,0
2019-07-11,Baixa,Baixa,-13.46,0.20,1
2019-07-12,Baixa,Baixa,-14.08,-0.64,0
2019-07-15,Baixa,Baixa,-14.57,-0.27,0
2019-07-16,Baixa,Baixa,-15.20,-0.75,0
2019-07-17,Baixa,Baixa,-15.77,-0.39,0
2019-07-18,Baixa,Baixa,-16.36,-0.64,0
2019-07-19,Baixa,Baixa,-16.85,-0.16,0
2019-07-22,Baixa,Baixa,-17.58,-1.00,0
2019-07-23,Alta,Baixa,-17.92,0.45,1
2019-07-24,Alta,Baixa,-18.20,-0.12,0
2019-07-25,Baixa,Baixa,-18.30,-0.76,0
2019-07-26,Alta,Baixa,-17.05,0.28,1
2019-07-29,Alta,Baixa,-15.56,0.17,2
2019-07-30,Alta,Baixa,-13.53,0.38,3
2019-07-31,Baixa,Baixa,-11.63,-0.33,0
2019-08-01,Baixa,Baixa,-9.97,-0.61,0
2019-08-02,Baixa,Baixa,-9.28,-0.13,0
2019-08-05,Baixa,Baixa,-8.38,0.44,1
2019-08-06,Baixa,Baixa,-8.17,0.27,2
2019-08-07,Alta,Baixa,-7.33,0.47,3
2019-08-08,Alta,Baixa,-6.06,0.18,4
2019-08-09,Alta,Baixa,-5.06,0.27,5
2019-08-12,Alta,Baixa,-3.75,0.58,6
2019-08-13,Alta,Baixa,-2.47,0.71,7
2019-08-14,Baixa,Baixa,-1.90,-0.51,0
2019-08-15,Alta,Baixa,-1.39,0.48,1
2019-08-16,Alta,Baixa,-0.88,0.68,2
2019-08-19,Alta,Alta,-1.36,0.24,3
2019-08-20,Alta,Alta,-1.61,-0.40,0
2019-08-21,Alta,Alta,-1.29,0.65,1
2019-08-22,Alta,Alta,-1.05,-0.60,0
2019-08-23,Baixa,Baixa,-1.74,-0.82,0
2019-08-26,Alta,Alta,-1.38,0.63,1
2019-08-27,Baixa,Baixa,-1.55,-0.79,0
2019-08-28,Alta,Alta,-1.63,0.74,1
2019-08-29,Alta,Alta,-1.76,0.55,2
2019-08-30,Alta,Alta,-1.15,0.17,3
2019-09-03,Alta,Alta,-1.07,0.15,4
2019-09-04,Alta,Alta,-0.12,0.75,5
2019-09-05,Alta,Alta,1.04,0.52,6
2019-09-06,Alta,Alta,2.49,0.63,7
2019-09-09,Alta,Alta,3.91,0.11,8
2019-09-10,Alta,Alta,5.71,0.49,9
2019-09-11,Alta,Alta,7.18,0.25,10
2019-09-12,Alta,Alta,8.01,0.32,11
2019-09-13,Alta,Alta,8.88,0.42,12
2019-09-16,Alta,Alta,10.05,0.44,13
2019-09-17,Alta,Alta,11.12,0.39,14
2019-09-18,Alta,Alta,12.66,0.70,15
2019-09-19,Alta,Alta,14.42,0.10,16
2019-09-20,Alta,Alta,15.67,0.06,17
2019-09-23,Baixa,Alta,15.82,-0.82,0
2019-09-24,Baixa,Alta,14.83,-0.48,0
2019-09-25,Baixa,Alta,12.44,-0.79,0
2019-09-26,Baixa,Alta,9.84,-0.26,0
2019-09-27,Baixa,Baixa,7.18,-0.80,0
2019-09-30,Baixa,Baixa,5.50,0.33,1
2019-10-01,Baixa,Baixa,4.36,-0.74,0
2019-10-02,Baixa,Baixa,3.67,0.58,1
2019-10-03,Baixa,Baixa,3.06,-0.12,0
2019-10-04,Alta,Alta,3.42,0.58,1
2019-10-07,Alta,Alta,3.57,-0.23,0
2019-10-08,Alta,Alta,3.88,-0.34,0
2019-10-09,Alta,Alta,4.51,0.64,1
2019-10-10,Alta,Alta,4.96,-0.68,0
2019-10-11,Baixa,Baixa,4.47,-0.48,0
2019-10-14,Baixa,Baixa,4.02,-0.13,0
2019-10-15,Baixa,Baixa,3.68,-0.13,0
2019-10-16,Baixa,Baixa,3.10,0.10,1
2019-10-17,Baixa,Baixa,2.71,0.27,2
2019-10-18,Baixa,Baixa,2.39,-0.60,0
2019-10-21,Baixa,Baixa,2.13,-0.14,0
2019-10-22,Alta,Baixa,1.98,0.82,1
2019-10-23,Alta,Baixa,1.92,0.50,2
2019-10-24,Baixa,Baixa,1.83,-0.95,0
2019-10-25,Baixa,Baixa,1.74,-0.10,0
2019-10-28,Baixa,Baixa,1.54,-0.29,0
2019-10-29,Baixa,Baixa,1.19,-0.84,0
2019-10-30,Baixa,Baixa,0.59,-0.65,0
2019-10-31,Baixa,Baixa,0.03,0.59,1
2019-11-01,Baixa,Baixa,-0.43,-0.06,0
2019-11-04,Alta,Baixa,-0.45,0.86,1
2019-11-05,Baixa,Baixa,-0.61,-0.82,0
2019-11-06,Baixa,Baixa,-0.48,-0.05,0
2019-11-07,Baixa,Baixa,-0.43,0.31,1
2019-11-08,Alta,Baixa,-0.43,0.45,2
2019-11-11,Alta,Baixa,-0.75,0.11,3
2019-11-12,Alta,Baixa,-0.67,0.73,4
2019-11-13,Alta,Baixa,-0.94,0.07,5
2019-11-14,Baixa,Baixa,-1.67,0.05,6
2019-11-15,Baixa,Baixa,-2.53,0.50,7
2019-11-18,Baixa,Baixa,-3.56,-0.59,0
2019-11-19,Baixa,Baixa,-4.86,0.84,1
2019-11-20,Baixa,Baixa,-6.15,-0.27,0
2019-11-21,Baixa,Baixa,-7.05,0.18,1
2019-11-22,Alta,Baixa,-7.90,0.05,2
2019-11-25,Alta,Baixa,-8.67,0.18,3
2019-11-26,Baixa,Baixa,-9.53,-0.63,0
2019-11-27,Baixa,Baixa,-10.82,-0.37,0
2019-11-29,Baixa,Baixa,-12.20,0.09,1
2019-12-02,Baixa,Baixa,-13.58,-0.22,0
2019-12-03,Alta,Baixa,-14.18,-0.55,0
2019-12-04,Alta,Baixa,-13.64,0.40,1
2019-12-05,Alta,Baixa,-11.84,-0.80,0
2019-12-06,Alta,Baixa,-9.64,0.03,1
2019-12-09,Alta,Baixa,-6.76,0.72,2
2019-12-10,Baixa,Baixa,-4.78,-0.78,0
2019-12-11,Baixa,Baixa,-3.41,-0.13,0
2019-12-12,Baixa,Baixa,-2.83,0.58,1
2019-12-13,Baixa,Baixa,-2.41,-0.40,0
2019-12-16,Baixa,Baixa,-3.27,-0.43,0
2019-12-17,Baixa,Baixa,-3.97,-0.72,0
2019-12-18,Baixa,Baixa,-4.89,0.34,1
2019-12-19,Baixa,Baixa,-5.97,0.11,2
2019-12-20,Baixa,Baixa,-6.83,-0.38,0
2019-12-23,Baixa,Baixa,-6.42,0.22,1
2019-12-24,Alta,Baixa,-5.74,-0.12,0
2019-12-26,Alta,Baixa,-5.18,-0.25,0
2019-12-27,Baixa,Baixa,-4.34,-0.22,0
2019-12-30,Alta,Baixa,-3.54,0.90,1
2019-12-31,Alta,Alta,-3.04,0.56,2
2020-01-02,Alta,Baixa,-2.81,-0.37,0
2020-01-03,Alta,Alta,-2.58,0.58,1
2020-01-06,Alta,Baixa,-2.56,-0.60,0
2020-01-07,Baixa,Baixa,-2.49,-0.09,0
2020-01-08,Baixa,Baixa,-2.67,-0.69,0
2020-01-09,Baixa,Baixa,-2.81,0.19,1
2020-01-10,Baixa,Baixa,-2.74,0.11,2
2020-01-13,Baixa,Baixa,-2.37,-0.68,0
2020-01-14,Baixa,Baixa,-2.38,0.25,1
2020-01-15,Baixa,Baixa,-2.18,0.62,2
2020-01-16,Alta,Baixa,-1.97,0.77,3
2020-01-17,Alta,Baixa,-1.76,-0.80,0
2020-01-21,Alta,Baixa,-1.68,-0.29,0
2020-01-22,Alta,Baixa,-1.46,-0.58,0
2020-01-23,Baixa,Baixa,-1.60,0.00,0
2020-01-24,Baixa,Baixa,-1.70,-0.09,0
2020-01-27,Baixa,Baixa,-2.28,-0.30,0
2020-01-28,Baixa,Baixa,-2.87,0.50,1
2020-01-29,Baixa,Baixa,-2.84,0.40,2
2020-01-30,Baixa,Baixa,-2.85,-0.55,0
2020-01-31,Alta,Baixa,-2.50,-0.50,0
2020-02-03,Baixa,Baixa,-2.20,-0.36,0
2020-02-04,Alta,Baixa,-1.76,0.25,1
2020-02-05,Alta,Baixa,-1.85,0.43,2
2020-02-06,Baixa,Baixa,-1.77,-0.13,0
2020-02-07,Baixa,Baixa,-2.19,-0.67,0
2020-02-10,Baixa,Baixa,-2.34,-0.86,0
2020-02-11,Baixa,Baixa,-2.59,-0.37,0
2020-02-12,Baixa,Baixa,-2.93,-0.25,0
2020-02-13,Baixa,Baixa,-3.27,-0.55,0
2020-02-14,Baixa,Baixa,-3.39,0.67,1
2020-02-18,Alta,Baixa,-3.69,0.71,2
2020-02-19,Alta,Baixa,-3.77,0.33,3
2020-02-20,Alta,Baixa,-3.89,-0.40,0
2020-02-21,Baixa,Baixa,-4.22,-0.40,0
2020-02-24,Baixa,Baixa,-4.39,0.22,1
2020-02-25,Baixa,Baixa,-4.38,-0.59,0
2020-02-26,Baixa,Baixa,-4.67,0.35,1
2020-02-27,Baixa,Baixa,-5.06,-0.74,0
2020-02-28,Baixa,Baixa,-5.17,-0.76,0
2020-03-02,Baixa,Baixa,-5.21,-0.08,0
2020-03-03,Baixa,Baixa,-5.26,-0.33,0
2020-03-04,Baixa,Baixa,-5.16,-0.13,0
2020-03-05,Baixa,Baixa,-4.90,-0.76,0
2020-03-06,Baixa,Baixa,-4.91,-0.23,0
2020-03-09,Baixa,Baixa,-5.23,0.14,1
2020-03-10,Baixa,Baixa,-5.50,-0.49,0
2020-03-11,Baixa,Baixa,-5.88,-0.07,0
2020-03-12,Baixa,Baixa,-6.61,-0.55,0
2020-03-13,Baixa,Baixa,-7.26,0.14,1
2020-03-16,Baixa,Baixa,-7.87,-0.57,0
2020-03-17,Baixa,Baixa,-8.61,0.08,1
2020-03-18,Baixa,Baixa,-9.55,-0.81,0
2020-03-19,Baixa,Baixa,-9.78,0.82,1
2020-03-20,Alta,Baixa,-9.67,0.50,2
2020-03-23,Alta,Baixa,-9.61,-0.38,0
2020-03-24,Baixa,Baixa,-9.49,-0.17,0
2020-03-25,Baixa,Baixa,-8.93,-0.47,0
2020-03-26,Alta,Baixa,-8.45,-0.10,0
2020-03-27,Baixa,Baixa,-8.54,-0.57,0
2020-03-30,Alta,Alta,-7.25,0.38,1
2020-03-31,Alta,Alta,-6.33,0.03,2
2020-04-01,Alta,Baixa,-5.94,-0.66,0
2020-04-02,Alta,Baixa,-5.74,-0.33,0
2020-04-03,Alta,Alta,-4.52,-0.63,0
2020-04-06,Alta,Alta,-4.84,-0.44,0
2020-04-07,Baixa,Alta,-4.73,-0.39,0
2020-04-08,Baixa,Baixa,-4.57,-0.40,0
2020-04-09,Baixa,Baixa,-4.39,-0.01,0
2020-04-13,Baixa,Alta,-4.65,0.27,1
2020-04-14,Baixa,Alta,-5.00,-0.39,0
2020-04-15,Baixa,Baixa,-5.13,-0.25,0
2020-04-16,Alta,Alta,-5.10,0.66,1
2020-04-17,Alta,Alta,-4.35,0.10,2
2020-04-20,Alta,Alta,-3.66,0.23,3
2020-04-21,Alta,Alta,-2.55,0.11,4
2020-04-22,Alta,Alta,-1.33,0.00,0
2020-04-23,Alta,Alta,0.00,-0.80,0
2020-04-24,Baixa,Alta,0.42,-0.71,0
2020-04-27,Baixa,Alta,0.84,-0.67,0
2020-04-28,Baixa,Alta,0.59,-0.79,0
2020-04-29,Baixa,Alta,0.00,-0.20,0
2020-04-30,Baixa,Alta,-0.76,0.26,1
2020-05-01,Baixa,Alta,-1.18,-0.80,0
2020-05-04,Baixa,Alta,-1.59,0.22,1
2020-05-05,Alta,Alta,-1.34,-0.14,0
2020-05-06,Baixa,Alta,-1.01,-1.00,0
2020-05-07,Baixa,Alta,-0.51,-0.19,0
2020-05-08,Baixa,Alta,0.25,0.34,1
2020-05-11,Alta,Alta,1.11,0.67,2
2020-05-12,Alta,Alta,1.87,0.17,3
2020-05-13,Alta,Alta,2.81,0.00,0
2020-05-14,Alta,Alta,3.66,0.07,1
2020-05-15,Baixa,Alta,3.90,-0.41,0
2020-05-18,Baixa,Alta,3.96,0.22,1
2020-05-19,Baixa,Alta,3.76,-0.01,0
2020-05-20,Baixa,Alta,3.56,-0.30,0
2020-05-21,Baixa,Alta,3.45,0.17,1
2020-05-22,Alta,Alta,3.92,0.75,2
2020-05-26,Alta,Alta,4.21,0.73,3
2020-05-27,Alta,Alta,4.75,-0.28,0
2020-05-28,Alta,Alta,5.04,0.54,1
2020-05-29,Baixa,Alta,5.71,-0.36,0
2020-06-01,Baixa,Alta,5.65,0.30,1
2020-06-02,Baixa,Alta,5.59,0.22,2
2020-06-03,Baixa,Alta,5.53,-0.03,0
2020-06-04,Baixa,Baixa,5.56,0.47,1
2020-06-05,Alta,Alta,6.08,0.72,2
2020-06-08,Alta,Alta,6.61,0.00,0
2020-06-09,Alta,Alta,7.06,-0.88,0
2020-06-10,Alta,Alta,5.83,0.31,1
2020-06-11,Baixa,Alta,4.83,-0.59,0
2020-06-12,Baixa,Alta,3.40,-0.51,0
2020-06-15,Baixa,Baixa,2.23,-0.37,0
2020-06-16,Baixa,Baixa,0.76,-0.55,0
2020-06-17,Baixa,Baixa,0.89,-0.57,0
2020-06-18,Baixa,Baixa,0.96,-0.52,0
2020-06-19,Baixa,Baixa,0.68,0.10,1
2020-06-22,Baixa,Baixa,0.41,-0.34,0
2020-06-23,Baixa,Baixa,0.61,0.27,1
2020-06-24,Baixa,Baixa,0.61,-0.51,0
2020-06-25,Baixa,Baixa,0.54,-0.18,0
2020-06-26,Baixa,Baixa,0.27,-0.19,0
2020-06-29,Baixa,Baixa,-0.34,0.20,1
2020-06-30,Baixa,Baixa,-1.15,-0.46,0
2020-07-01,Baixa,Baixa,-1.90,-0.33,0
2020-07-02,Baixa,Baixa,-2.71,0.16,1
2020-07-06,Alta,Baixa,-3.25,0.09,2
2020-07-07,Alta,Baixa,-3.20,0.16,3
2020-07-08,Alta,Baixa,-2.95,-0.65,0
2020-07-09,Alta,Baixa,-2.49,-0.02,0
2020-07-10,Alta,Baixa,-1.95,0.33,1
2020-07-13,Alta,Alta,0.35,-0.83,0
2020-07-14,Alta,Alta,2.67,-0.31,0
2020-07-15,Alta,Alta,4.31,-0.77,0
2020-07-16,Alta,Alta,5.95,0.18,1
2020-07-17,Alta,Alta,7.67,0.50,2
2020-07-20,Alta,Alta,7.12,-0.27,0
2020-07-21,Alta,Alta,6.65,0.46,1
2020-07-22,Baixa,Alta,6.64,-0.80,0
2020-07-23,Alta,Alta,6.62,0.24,1
2020-07-24,Baixa,Alta,6.27,-0.17,0
2020-07-27,Baixa,Alta,5.93,-0.44,0
2020-07-28,Baixa,Alta,5.72,-0.30,0
2020-07-29,Baixa,Alta,5.78,0.29,1
2020-07-30,Baixa,Alta,5.71,0.00,0
2020-07-31,Alta,Alta,7.08,-0.58,0
2020-08-03,Alta,Alta,8.80,0.54,1
2020-08-04,Alta,Alta,9.85,0.06,2
2020-08-05,Alta,Alta,10.81,0.33,3
2020-08-06,Alta,Alta,11.75,0.06,4
2020-08-07,Alta,Alta,11.48,0.33,5
2020-08-10,Baixa,Alta,10.92,0.00,0
2020-08-11,Baixa,Alta,10.35,-0.86,0
2020-08-12,Baixa,Alta,9.70,-0.11,0
2020-08-13,Alta,Alta,9.67,0.38,1
2020-08-14,Alta,Alta,9.46,-0.14,0
2020-08-17,Baixa,Alta,8.67,-0.73,0
2020-08-18,Baixa,Alta,8.22,0.10,1
2020-08-19,Baixa,Alta,8.05,-0.46,0
2020-08-20,Baixa,Alta,7.02,-0.20,0
2020-08-21,Baixa,Alta,6.22,-0.52,0
2020-08-24,Baixa,Alta,6.15,-0.09,0
2020-08-25,Baixa,Alta,6.12,0.18,1
2020-08-26,Baixa,Alta,5.81,-0.56,0
2020-08-27,Baixa,Alta,5.61,-0.54,0
2020-08-28,Baixa,Alta,5.55,0.74,1
2020-08-31,Baixa,Alta,5.48,0.15,2
2020-09-01,Baixa,Alta,5.33,0.18,3
2020-09-02,Baixa,Alta,5.23,-0.68,0
2020-09-03,Baixa,Baixa,5.31,-0.54,0
2020-09-04,Baixa,Baixa,5.00,-0.25,0
2020-09-08,Baixa,Baixa,4.61,0.10,1
2020-09-09,Baixa,Baixa,4.31,0.73,2
2020-09-10,Baixa,Baixa,4.07,-0.65,0
2020-09-11,Baixa,Baixa,3.86,-0.23,0
2020-09-14,Alta,Baixa,3.87,0.55,1
2020-09-15,Alta,Baixa,3.97,0.27,2
2020-09-16,Alta,Baixa,4.01,0.40,3
2020-09-17,Alta,Alta,4.46,0.77,4
2020-09-18,Alta,Baixa,4.78,-0.50,0
2020-09-21,Alta,Baixa,4.90,0.08,1
2020-09-22,Alta,Baixa,4.01,0.56,2
2020-09-23,Baixa,Baixa,2.98,-0.32,0
2020-09-24,Baixa,Baixa,1.89,-0.15,0
2020-09-25,Baixa,Baixa,0.82,-0.08,0
2020-09-28,Baixa,Baixa,-0.11,0.00,0
2020-09-29,Baixa,Baixa,0.00,0.00,0
2020-09-30,Alta,Baixa,0.22,0.54,1
2020-10-01,Alta,Alta,0.44,0.80,2
2020-10-02,Alta,Alta,0.67,0.34,3
2020-10-05,Alta,Alta,1.00,-0.25,0
2020-10-06,Alta,Baixa,1.22,-0.62,0
2020-10-07,Alta,Alta,1.44,0.11,1
2020-10-08,Alta,Alta,1.59,0.63,2
2020-10-09,Alta,Alta,1.77,-0.50,0
2020-10-12,Baixa,Alta,0.99,-0.68,0
2020-10-13,Baixa,Alta,0.15,-0.57,0
2020-10-14,Baixa,Baixa,-0.62,-0.70,0
2020-10-15,Baixa,Baixa,-1.56,0.30,1
2020-10-16,Baixa,Baixa,-2.46,-0.40,0
2020-10-19,Baixa,Baixa,-2.58,-0.34,0
2020-10-20,Baixa,Baixa,-2.56,0.00,0
2020-10-21,Baixa,Baixa,-2.46,-0.29,0
2020-10-22,Baixa,Baixa,-2.40,-0.66,0
2020-10-23,Baixa,Baixa,-2.56,0.37,1
2020-10-26,Baixa,Baixa,-2.72,-0.49,0
2020-10-27,Baixa,Baixa,-2.85,0.00,0
2020-10-28,Baixa,Baixa,-3.16,-0.45,0
2020-10-29,Baixa,Baixa,-3.33,-0.78,0
2020-10-30,Baixa,Baixa,-3.12,0.13,1
2020-11-02,Baixa,Baixa,-2.88,-0.38,0
2020-11-03,Alta,Baixa,-2.59,0.67,1
2020-11-04,Alta,Baixa,-2.33,-0.18,0
2020-11-05,Alta,Baixa,-2.00,-0.25,0
2020-11-06,Alta,Baixa,-1.65,0.78,1
2020-11-09,Alta,Baixa,-1.42,0.18,2
2020-11-10,Alta,Baixa,-1.31,0.21,3
2020-11-11,Alta,Alta,-0.92,0.56,4
2020-11-12,Alta,Alta,-0.64,-0.60,0
2020-11-13,Alta,Baixa,-0.44,-0.05,0
2020-11-16,Baixa,Baixa,-0.12,-0.20,0
2020-11-17,Baixa,Baixa,0.28,0.00,0
2020-11-18,Baixa,Baixa,0.40,0.33,1
2020-11-19,Baixa,Baixa,0.52,0.13,2
2020-11-20,Baixa,Baixa,0.56,0.75,3
2020-11-23,Baixa,Baixa,0.52,-0.15,0
2020-11-24,Baixa,Baixa,0.36,-0.14,0
2020-11-25,Baixa,Baixa,0.16,0.00,0
2020-11-27,Baixa,Baixa,-0.40,-0.48,0
2020-11-30,Baixa,Baixa,-0.84,0.00,0
2020-12-01,Alta,Baixa,-1.00,0.38,1
2020-12-02,Alta,Baixa,-1.20,-0.11,0
2020-12-03,Alta,Baixa,-1.24,-0.67,0
2020-12-04,Baixa,Baixa,-0.92,-0.50,0
2020-12-07,Baixa,Baixa,-0.76,-0.43,0
2020-12-08,Alta,Alta,-0.56,0.50,1
2020-12-09,Alta,Baixa,-0.36,-0.53,0
2020-12-10,Alta,Alta,-0.20,0.61,1
2020-12-11,Alta,Alta,-0.20,0.45,2
2020-12-14,Alta,Alta,-0.12,-0.38,0
2020-12-15,Alta,Alta,-0.36,-0.17,0
2020-12-16,Baixa,Alta,-0.45,-0.43,0
2020-12-17,Alta,Alta,-0.61,-0.12,0
2020-12-18,Baixa,Alta,-0.85,-0.80,0
2020-12-21,Baixa,Alta,-1.10,0.20,1
2020-12-22,Baixa,Alta,-1.22,-0.27,0
2020-12-23,Baixa,Baixa,-1.43,0.43,1
2020-12-24,Baixa,Baixa,-1.47,0.25,2
2020-12-28,Baixa,Baixa,-1.43,-0.69,0
2020-12-29,Baixa,Baixa,-1.52,-0.62,0
2020-12-30,Baixa,Baixa,-1.57,-0.17,0
2020-12-31,Alta,Baixa,-1.49,0.41,1
2021-01-04,Alta,Alta,-1.32,0.31,2
2021-01-05,Alta,Alta,-0.87,0.50,3
2021-01-06,Alta,Alta,-0.42,0.00,0
2021-01-07,Alta,Alta,-0.04,-0.50,0
2021-01-08,Alta,Alta,0.25,0.52,1
2021-01-11,Baixa,Alta,0.46,-0.37,0
2021-01-12,Alta,Alta,0.63,0.00,0
2021-01-13,Alta,Alta,0.80,-0.64,0
2021-01-14,Alta,Alta,1.05,-0.20,0
2021-01-15,Alta,Alta,1.21,0.21,1
2021-01-19,Alta,Alta,1.54,0.29,2
2021-01-20,Alta,Alta,2.41,0.68,3
2021-01-21,Alta,Alta,3.45,-0.40,0
2021-01-22,Alta,Alta,4.56,-0.06,0
2021-01-25,Alta,Alta,5.74,-0.10,0
2021-01-26,Alta,Alta,6.87,-0.12,0
2021-01-27,Alta,Alta,7.28,0.40,1
2021-01-28,Baixa,Alta,7.23,-0.43,0
2021-01-29,Baixa,Alta,7.01,-0.05,0
2021-02-01,Baixa,Alta,6.60,-0.65,0
2021-02-02,Baixa,Alta,5.96,-0.46,0
2021-02-03,Baixa,Alta,5.61,0.65,1
2021-02-04,Alta,Alta,5.66,-0.12,0
2021-02-05,Baixa,Alta,5.59,-0.44,0
2021-02-08,Alta,Alta,5.87,0.38,1
2021-02-09,Alta,Alta,6.35,-0.22,0
2021-02-10,Alta,Alta,6.64,-0.03,0
2021-02-11,Alta,Alta,6.66,-0.71,0
2021-02-12,Alta,Alta,6.84,0.23,1
2021-02-16,Alta,Alta,6.93,-0.24,0
2021-02-17,Baixa,Alta,6.73,-0.36,0
2021-02-18,Baixa,Alta,6.46,0.09,1
2021-02-19,Baixa,Alta,6.38,-0.66,0
2021-02-22,Baixa,Alta,5.84,-0.58,0
2021-02-23,Baixa,Baixa,4.89,-0.28,0
2021-02-24,Baixa,Alta,4.25,-0.05,0
2021-02-25,Baixa,Baixa,3.32,-0.88,0
2021-02-26,Baixa,Baixa,2.47,0.14,1
2021-03-01,Alta,Alta,2.51,-0.22,0
2021-03-02,Alta,Alta,2.78,-0.33,0
2021-03-03,Baixa,Alta,2.61,-0.78,0
2021-03-04,Baixa,Baixa,2.57,-0.77,0
2021-03-05,Baixa,Baixa,2.59,0.00,0
2021-03-08,Baixa,Baixa,2.09,-0.57,0
2021-03-09,Baixa,Baixa,1.83,0.52,1
2021-03-10,Baixa,Baixa,1.85,0.25,2
2021-03-11,Alta,Baixa,2.12,-0.19,0
2021-03-12,Alta,Baixa,2.41,0.47,1
2021-03-15,Alta,Baixa,2.73,0.43,2
2021-03-16,Baixa,Baixa,2.74,-0.92,0
2021-03-17,Alta,Baixa,2.76,0.59,1
2021-03-18,Alta,Baixa,2.69,-0.12,0
2021-03-19,Alta,Baixa,2.52,0.18,1
2021-03-22,Alta,Baixa,2.42,-0.23,0
2021-03-23,Alta,Baixa,2.44,0.09,1
2021-03-24,Baixa,Baixa,2.34,-0.87,0
2021-03-25,Baixa,Baixa,2.22,0.47,1
2021-03-26,Baixa,Baixa,2.04,-0.42,0
2021-03-29,Baixa,Baixa,1.77,-0.18,0
2021-03-30,Baixa,Baixa,1.51,0.40,1
2021-03-31,Baixa,Baixa,1.26,-0.44,0
2021-04-01,Baixa,Baixa,0.53,-0.16,0
2021-04-05,Baixa,Baixa,-0.22,-0.89,0
2021-04-06,Alta,Baixa,-1.00,0.14,1
2021-04-07,Baixa,Baixa,-1.85,-1.00,0
2021-04-08,Alta,Baixa,-2.81,-0.09,0
2021-04-09,Baixa,Baixa,-3.29,-0.40,0
2021-04-12,Baixa,Baixa,-3.59,-0.75,0
2021-04-13,Baixa,Baixa,-3.69,0.00,0
2021-04-14,Baixa,Baixa,-3.63,0.10,1
2021-04-15,Baixa,Baixa,-3.38,-0.65,0
2021-04-16,Baixa,Baixa,-3.26,0.16,1
2021-04-19,Alta,Baixa,-3.23,-0.13,0
2021-04-20,Baixa,Baixa,-3.34,-0.70,0
2021-04-21,Alta,Baixa,-3.53,0.60,1
2021-04-22,Baixa,Baixa,-3.88,-0.64,0
2021-04-23,Alta,Baixa,-4.14,0.00,0
2021-04-26,Alta,Baixa,-4.17,0.93,1
2021-04-27,Baixa,Baixa,-4.41,-0.76,0
2021-04-28,Baixa,Baixa,-4.69,0.10,1
2021-04-29,Baixa,Baixa,-4.73,-0.77,0
2021-04-30,Baixa,Baixa,-4.75,-0.75,0
2021-05-03,Baixa,Baixa,-4.94,0.41,1
2021-05-04,Baixa,Baixa,-4.65,0.29,2
2021-05-05,Baixa,Baixa,-4.06,-0.73,0
2021-05-06,Baixa,Baixa,-3.94,-0.73,0
2021-05-07,Baixa,Baixa,-3.53,-0.12,0
2021-05-10,Alta,Baixa,-3.07,0.50,1
2021-05-11,Baixa,Baixa,-3.39,0.35,2
2021-05-12,Baixa,Baixa,-3.84,-0.28,0
2021-05-13,Baixa,Baixa,-3.70,-0.55,0
2021-05-14,Baixa,Baixa,-3.46,0.50,1
2021-05-17,Baixa,Baixa,-3.48,0.00,0
2021-05-18,Alta,Baixa,-2.83,0.42,1
2021-05-19,Alta,Baixa,-2.44,0.60,2
2021-05-20,Alta,Baixa,-2.29,-0.50,0
2021-05-21,Alta,Baixa,-2.40,0.59,1
2021-05-24,Alta,Baixa,-2.48,-0.30,0
2021-05-25,Baixa,Baixa,-2.77,-0.50,0
2021-05-26,Alta,Baixa,-2.75,-0.10,0
2021-05-27,Alta,Baixa,-2.66,0.76,1
2021-05-28,Alta,Baixa,-2.78,-0.30,0
2021-06-01,Alta,Baixa,-2.80,0.43,1
2021-06-02,Alta,Baixa,-2.67,-0.25,0
2021-06-03,Alta,Baixa,-2.76,-0.33,0
2021-06-04,Baixa,Baixa,-2.73,-0.40,0
2021-06-07,Alta,Alta,-2.46,0.50,1
2021-06-08,Alta,Alta,-2.18,-0.60,0
2021-06-09,Alta,Alta,-1.93,-0.25,0
2021-06-10,Baixa,Baixa,-1.72,-0.40,0
2021-06-11,Baixa,Baixa,-1.69,-0.23,0
2021-06-14,Baixa,Baixa,-1.69,0.50,1
2021-06-15,Baixa,Baixa,-1.77,0.00,0
2021-06-16,Baixa,Baixa,-1.93,-0.83,0
2021-06-17,Baixa,Baixa,-1.86,-0.40,0
2021-06-18,Baixa,Baixa,-2.02,-0.90,0
2021-06-21,Baixa,Baixa,-2.10,-0.33,0
2021-06-22,Baixa,Baixa,-1.96,0.29,1
2021-06-23,Alta,Baixa,-1.70,0.63,2
2021-06-24,Alta,Alta,-1.55,-0.55,0
2021-06-25,Alta,Alta,-1.05,0.00,0
2021-06-28,Baixa,Baixa,-0.86,-0.60,0
2021-06-29,Baixa,Baixa,-1.06,-0.58,0
2021-06-30,Baixa,Baixa,-1.53,0.54,1
2021-07-01,Baixa,Baixa,-2.16,0.17,2
2021-07-02,Baixa,Baixa,-2.87,-0.67,0
2021-07-06,Baixa,Baixa,-3.51,-0.89,0
2021-07-07,Baixa,Baixa,-4.19,-0.44,0
2021-07-08,Baixa,Baixa,-4.50,0.65,1
2021-07-09,Alta,Baixa,-4.54,0.62,2
2021-07-12,Baixa,Baixa,-4.57,-0.20,0
2021-07-13,Baixa,Baixa,-4.49,0.00,0
2021-07-14,Baixa,Baixa,-4.30,0.00,0
2021-07-15,Baixa,Baixa,-4.30,0.40,1
2021-07-16,Baixa,Baixa,-4.25,-0.17,0
2021-07-19,Baixa,Baixa,-4.07,0.68,1
2021-07-20,Alta,Baixa,-3.85,0.27,2
2021-07-21,Baixa,Baixa,-3.75,-0.43,0
2021-07-22,Baixa,Baixa,-3.66,-0.58,0
2021-07-23,Baixa,Baixa,-3.69,0.43,1
2021-07-26,Baixa,Baixa,-3.89,-0.78,0
2021-07-27,Baixa,Baixa,-4.18,-0.28,0
2021-07-28,Alta,Baixa,-3.99,0.22,1
2021-07-29,Alta,Baixa,-3.98,-0.65,0
2021-07-30,Alta,Baixa,-4.01,0.36,1
2021-08-02,Alta,Baixa,-3.96,-0.60,0
2021-08-03,Baixa,Baixa,-4.04,-0.64,0
2021-08-04,Baixa,Baixa,-4.34,-0.69,0
2021-08-05,Baixa,Baixa,-4.38,0.52,1
2021-08-06,Alta,Baixa,-4.42,-0.68,0
2021-08-09,Alta,Baixa,-4.60,0.27,1
2021-08-10,Alta,Baixa,-4.59,-0.33,0
2021-08-11,Alta,Baixa,-4.64,-0.41,0
2021-08-12,Baixa,Baixa,-4.93,0.00,0
2021-08-13,Baixa,Baixa,-5.17,-0.32,0
2021-08-16,Baixa,Baixa,-5.32,-0.67,0
2021-08-17,Baixa,Baixa,-5.73,-0.60,0
2021-08-18,Baixa,Baixa,-6.09,0.01,1
2021-08-19,Baixa,Baixa,-6.22,0.00,0
2021-08-20,Baixa,Baixa,-6.34,-0.66,0
2021-08-23,Baixa,Baixa,-6.42,-0.10,0
2021-08-24,Alta,Baixa,-6.24,0.68,1
2021-08-25,Alta,Baixa,-6.11,0.33,2
2021-08-26,Alta,Baixa,-5.91,0.25,3
2021-08-27,Alta,Baixa,-5.76,0.80,4
2021-08-30,Alta,Baixa,-5.55,0.00,0
2021-08-31,Alta,Baixa,-5.33,-0.67,0
2021-09-01,Alta,Baixa,-5.11,1.00,1
2021-09-02,Alta,Baixa,-5.23,0.67,2
2021-09-03,Baixa,Baixa,-5.34,-0.33,0
2021-09-07,Baixa,Baixa,-5.64,-0.25,0
2021-09-08,Baixa,Baixa,-5.75,-1.00,0
2021-09-09,Baixa,Baixa,-5.69,0.05,1
2021-09-10,Baixa,Baixa,-4.89,-1.00,0
2021-09-13,Alta,Alta,-3.95,-0.24,0
2021-09-14,Baixa,Baixa,-2.92,-0.61,0
2021-09-15,Baixa,Baixa,-2.06,-0.52,0
2021-09-16,Baixa,Baixa,-1.17,0.79,1
2021-09-17,Baixa,Baixa,-0.98,-0.15,0
2021-09-20,Baixa,Baixa,-1.11,-0.36,0
2021-09-21,Baixa,Baixa,-1.11,0.08,1
2021-09-22,Alta,Baixa,-1.05,0.40,2
2021-09-23,Alta,Alta,-0.98,0.50,3
2021-09-24,Alta,Alta,-0.59,0.58,4
2021-09-27,Alta,Alta,0.07,-0.27,0
2021-09-28,Alta,Alta,0.53,-0.60,0
2021-09-29,Alta,Alta,0.73,-0.57,0
2021-09-30,Alta,Alta,0.86,0.60,1
2021-10-01,Baixa,Alta,0.86,-0.37,0
2021-10-04,Baixa,Alta,0.73,-0.40,0
2021-10-05,Baixa,Alta,0.72,-0.57,0
2021-10-06,Baixa,Baixa,0.79,0.00,0
2021-10-07,Baixa,Alta,0.59,0.67,1
2021-10-08,Baixa,Alta,0.46,-0.50,0
2021-10-11,Baixa,Alta,0.26,-0.25,0
2021-10-12,Baixa,Baixa,0.00,-0.50,0
2021-10-13,Baixa,Baixa,-0.07,0.00,0
2021-10-14,Baixa,Baixa,0.07,-0.58,0
2021-10-15,Baixa,Baixa,0.00,-0.34,0
2021-10-18,Baixa,Baixa,-0.07,-0.17,0
2021-10-19,Alta,Baixa,-0.07,0.28,1
2021-10-20,Baixa,Baixa,-0.20,-0.17,0
2021-10-21,Baixa,Baixa,-0.39,-0.80,0
2021-10-22,Baixa,Baixa,-0.59,-0.57,0
2021-10-25,Baixa,Baixa,-0.52,0.22,1
2021-10-26,Baixa,Baixa,-0.46,-0.56,0
2021-10-27,Baixa,Baixa,-0.33,-0.40,0
2021-10-28,Alta,Baixa,-0.20,-0.02,0
2021-10-29,Baixa,Baixa,0.00,-0.51,0
2021-11-01,Baixa,Baixa,0.00,-0.56,0
2021-11-02,Alta,Baixa,0.07,0.76,1
2021-11-03,Alta,Baixa,-0.07,0.79,2
2021-11-04,Alta,Alta,0.00,0.79,3
2021-11-05,Alta,Baixa,-0.07,-0.66,0
2021-11-08,Baixa,Baixa,-0.20,-0.44,0
2021-11-09,Baixa,Baixa,-0.39,-0.15,0
2021-11-10,Baixa,Baixa,-0.53,-0.91,0
2021-11-11,Baixa,Baixa,-0.85,-0.45,0
2021-11-12,Baixa,Baixa,-1.05,-0.61,0
2021-11-15,Baixa,Baixa,-1.05,0.25,1
2021-11-16,Baixa,Baixa,-1.19,-0.84,0
2021-11-17,Baixa,Baixa,-1.32,-0.61,0
2021-11-18,Baixa,Baixa,-1.52,-0.77,0
2021-11-19,Baixa,Baixa,-1.73,-0.04,0
2021-11-22,Baixa,Baixa,-2.13,-0.38,0
2021-11-23,Baixa,Baixa,-2.27,0.00,0
2021-11-24,Baixa,Baixa,-2.34,0.43,1
2021-11-26,Baixa,Baixa,-2.29,-0.66,0
2021-11-29,Baixa,Baixa,-2.30,-0.66,0
2021-11-30,Baixa,Baixa,-2.18,-0.64,0
2021-12-01,Baixa,Baixa,-2.25,0.28,1
2021-12-02,Baixa,Baixa,-2.33,0.15,2
2021-12-03,Baixa,Baixa,-2.69,-0.74,0
2021-12-06,Baixa,Baixa,-3.18,-0.36,0
2021-12-07,Baixa,Baixa,-3.76,-0.71,0
2021-12-08,Alta,Baixa,-3.98,0.87,1
2021-12-09,Alta,Baixa,-4.28,-0.16,0
2021-12-10,Alta,Baixa,-4.32,0.64,1
2021-12-13,Alta,Baixa,-4.15,-0.89,0
2021-12-14,Baixa,Baixa,-3.97,-0.53,0
2021-12-15,Baixa,Baixa,-4.08,-0.14,0
2021-12-16,Baixa,Baixa,-4.04,-0.06,0
2021-12-17,Baixa,Baixa,-4.07,0.27,1
2021-12-20,Baixa,Baixa,-4.18,-0.90,0
2021-12-21,Baixa,Baixa,-4.14,0.04,1
2021-12-22,Alta,Baixa,-4.10,0.51,2
2021-12-23,Alta,Baixa,-4.13,0.84,3
2021-12-27,Alta,Baixa,-4.09,-0.69,0
2021-12-28,Baixa,Baixa,-4.05,-0.40,0
2021-12-29,Baixa,Baixa,-4.08,-0.41,0
2021-12-30,Baixa,Baixa,-4.27,0.49,1
2021-12-31,Baixa,Baixa,-4.55,-0.46,0
2022-01-03,Baixa,Baixa,-4.66,-0.25,0
2022-01-04,Baixa,Baixa,-4.62,-0.44,0
2022-01-05,Baixa,Baixa,-4.75,-0.75,0
2022-01-06,Baixa,Baixa,-4.79,-0.44,0
2022-01-07,Baixa,Baixa,-4.76,-0.02,0
2022-01-10,Baixa,Baixa,-4.97,-0.10,0
2022-01-11,Baixa,Baixa,-5.19,-0.55,0
2022-01-12,Alta,Alta,-4.38,0.73,1
2022-01-13,Alta,Alta,-3.91,-0.10,0
2022-01-14,Alta,Alta,-3.51,0.03,1
2022-01-18,Alta,Alta,-2.93,0.53,2
2022-01-19,Baixa,Baixa,-2.69,-0.55,0
2022-01-20,Baixa,Baixa,-3.23,-0.52,0
2022-01-21,Baixa,Baixa,-3.70,-0.64,0
2022-01-24,Baixa,Baixa,-3.82,0.85,1
2022-01-25,Baixa,Baixa,-3.93,0.57,2
2022-01-26,Alta,Alta,-3.78,0.57,3
2022-01-27,Alta,Baixa,-3.71,-0.49,0
2022-01-28,Baixa,Baixa,-3.38,-0.47,0
2022-01-31,Alta,Baixa,-3.02,0.09,1
2022-02-01,Alta,Alta,-2.66,0.19,2
2022-02-02,Baixa,Baixa,-2.20,-0.66,0
2022-02-03,Baixa,Baixa,-1.93,-0.56,0
2022-02-04,Baixa,Baixa,-1.55,0.56,1
2022-02-07,Baixa,Baixa,-1.56,-0.39,0
2022-02-08,Baixa,Baixa,-1.56,0.22,1
2022-02-09,Alta,Baixa,-1.67,0.92,2
2022-02-10,Baixa,Baixa,-1.38,0.35,3
2022-02-11,Baixa,Baixa,-1.48,-0.39,0
2022-02-14,Baixa,Baixa,-1.58,-0.09,0
2022-02-15,Baixa,Baixa,-1.69,-0.78,0
2022-02-16,Baixa,Baixa,-1.69,0.00,0
2022-02-17,Baixa,Baixa,-1.89,-0.71,0
2022-02-18,Baixa,Baixa,-2.20,-0.31,0
2022-02-22,Baixa,Baixa,-2.31,0.00,0
2022-02-23,Baixa,Baixa,-2.63,-0.41,0
2022-02-24,Baixa,Baixa,-2.94,0.62,1
2022-02-25,Alta,Baixa,-2.95,0.76,2
2022-02-28,Alta,Baixa,-2.56,0.29,3
2022-03-01,Baixa,Baixa,-2.37,-0.52,0
2022-03-02,Baixa,Baixa,-2.07,-0.33,0
2022-03-03,Baixa,Baixa,-1.77,-0.03,0
2022-03-04,Baixa,Baixa,-1.88,-0.84,0
2022-03-07,Baixa,Baixa,-2.10,-0.29,0
2022-03-08,Baixa,Baixa,-2.32,0.32,1
2022-03-09,Alta,Baixa,-2.33,0.00,0
2022-03-10,Baixa,Baixa,-2.44,-0.03,0
2022-03-11,Alta,Baixa,-2.13,0.98,1
2022-03-14,Baixa,Baixa,-1.93,-0.57,0
2022-03-15,Baixa,Baixa,-1.62,-0.18,0
2022-03-16,Baixa,Baixa,-1.41,0.33,1
2022-03-17,Alta,Baixa,-0.98,0.79,2
2022-03-18,Alta,Baixa,-0.76,0.92,3
2022-03-21,Alta,Baixa,-0.33,-0.26,0
2022-03-22,Alta,Alta,0.22,0.53,1
2022-03-23,Alta,Alta,0.77,0.25,2
2022-03-24,Alta,Alta,1.10,0.13,3
2022-03-25,Alta,Alta,0.11,0.14,4
2022-03-28,Baixa,Baixa,-0.55,-0.43,0
2022-03-29,Baixa,Alta,-1.31,0.55,1
2022-03-30,Baixa,Alta,-2.40,-0.92,0
2022-03-31,Baixa,Baixa,-3.05,-0.69,0
2022-04-01,Baixa,Baixa,-2.41,0.20,1
2022-04-04,Baixa,Baixa,-1.99,0.53,2
2022-04-05,Baixa,Baixa,-1.66,-0.36,0
2022-04-06,Baixa,Baixa,-1.34,-0.72,0
2022-04-07,Baixa,Baixa,-1.68,-0.30,0
2022-04-08,Baixa,Baixa,-2.02,-0.18,0
2022-04-11,Baixa,Baixa,-2.36,-0.31,0
2022-04-12,Baixa,Baixa,-2.71,0.92,1
2022-04-13,Baixa,Baixa,-2.95,-0.57,0
2022-04-14,Baixa,Baixa,-2.85,-0.67,0
2022-04-18,Baixa,Baixa,-2.64,0.30,1
2022-04-19,Baixa,Baixa,-2.77,0.21,2
2022-04-20,Baixa,Baixa,-2.67,-0.85,0
2022-04-21,Baixa,Baixa,-2.57,-0.12,0
2022-04-22,Baixa,Baixa,-2.59,-0.02,0
2022-04-25,Baixa,Baixa,-2.83,0.17,1
2022-04-26,Baixa,Baixa,-2.73,-0.58,0
2022-04-27,Baixa,Baixa,-2.62,-0.71,0
2022-04-28,Baixa,Baixa,-2.64,-0.85,0
2022-04-29,Baixa,Baixa,-2.65,0.24,1
2022-05-02,Baixa,Baixa,-2.55,-0.55,0
2022-05-03,Baixa,Baixa,-2.56,-0.15,0
2022-05-04,Baixa,Baixa,-2.69,-0.39,0
2022-05-05,Baixa,Baixa,-2.46,-0.45,0
2022-05-06,Baixa,Baixa,-2.48,-0.42,0
2022-05-09,Baixa,Baixa,-2.86,-0.99,0
2022-05-10,Baixa,Baixa,-3.38,-0.75,0
2022-05-11,Baixa,Baixa,-3.90,-0.62,0
2022-05-12,Baixa,Baixa,-4.55,-0.72,0
2022-05-13,Baixa,Baixa,-4.70,1.00,1
2022-05-16,Alta,Baixa,-4.62,0.60,2
2022-05-17,Alta,Baixa,-4.02,0.62,3
2022-05-18,Alta,Baixa,-3.40,-0.37,0
2022-05-19,Alta,Baixa,-2.91,0.08,1
2022-05-20,Alta,Baixa,-2.67,-0.13,0
2022-05-23,Alta,Baixa,-2.42,0.41,1
2022-05-24,Alta,Baixa,-2.43,-0.30,0
2022-05-25,Alta,Baixa,-2.44,0.74,1
2022-05-26,Alta,Baixa,-2.32,-0.23,0
2022-05-27,Alta,Baixa,-2.47,0.07,1
2022-05-31,Alta,Baixa,-2.48,0.52,2
2022-06-01,Alta,Alta,-2.35,0.87,3
2022-06-02,Alta,Alta,-2.08,0.33,4
2022-06-03,Alta,Alta,-1.95,-0.63,0
2022-06-06,Alta,Alta,-1.40,0.52,1
2022-06-07,Alta,Alta,-1.13,-0.72,0
2022-06-08,Alta,Alta,-0.85,0.69,1
2022-06-09,Alta,Alta,-0.71,-0.64,0
2022-06-10,Baixa,Alta,-0.57,-0.86,0
2022-06-13,Baixa,Alta,-0.57,-0.50,0
2022-06-14,Alta,Alta,-0.43,0.53,1
2022-06-15,Baixa,Alta,-0.43,-0.22,0
2022-06-16,Alta,Alta,-0.43,1.00,1
2022-06-17,Alta,Alta,0.00,0.00,0
2022-06-21,Baixa,Alta,0.29,-0.57,0
2022-06-22,Baixa,Alta,0.72,-0.16,0
2022-06-23,Alta,Alta,1.15,0.59,1
2022-06-24,Baixa,Alta,1.29,-0.83,0
2022-06-27,Baixa,Alta,1.00,-0.06,0
2022-06-28,Baixa,Alta,1.00,-0.16,0
2022-06-29,Baixa,Alta,0.57,-0.50,0
2022-06-30,Baixa,Alta,0.28,0.26,1
2022-07-01,Baixa,Alta,0.14,0.20,2
2022-07-05,Baixa,Alta,0.14,0.14,3
2022-07-06,Alta,Alta,0.14,0.69,4
2022-07-07,Alta,Alta,0.71,0.12,5
2022-07-08,Alta,Alta,0.71,0.13,6
2022-07-11,Alta,Alta,1.13,0.65,7
2022-07-12,Alta,Alta,1.98,0.18,8
2022-07-13,Alta,Alta,2.54,0.17,9
2022-07-14,Alta,Alta,2.95,-0.14,0
2022-07-15,Alta,Alta,3.65,0.57,1
2022-07-18,Alta,Alta,3.92,-0.16,0
2022-07-19,Alta,Alta,3.88,-0.37,0
2022-07-20,Alta,Alta,4.27,0.73,1
2022-07-21,Baixa,Alta,4.51,-0.09,0
2022-07-22,Baixa,Alta,4.74,-0.68,0
2022-07-25,Baixa,Alta,5.38,-0.09,0
2022-07-26,Baixa,Alta,5.74,-0.68,0
2022-07-27,Baixa,Alta,5.55,-0.27,0
2022-07-28,Baixa,Alta,5.36,0.40,1
2022-07-29,Baixa,Alta,4.92,-0.13,0
2022-08-01,Alta,Alta,4.34,0.65,1
2022-08-02,Alta,Alta,4.04,0.26,2
2022-08-03,Alta,Alta,4.01,-0.57,0
2022-08-04,Alta,Alta,3.97,0.27,1
2022-08-05,Baixa,Alta,4.07,-0.87,0
2022-08-08,Alta,Alta,4.16,0.42,1
2022-08-09,Alta,Alta,4.25,0.57,2
2022-08-10,Alta,Alta,4.21,-0.35,0
2022-08-11,Alta,Alta,4.18,0.51,1
2022-08-12,Alta,Alta,3.91,-0.58,0
2022-08-15,Alta,Alta,3.29,0.48,1
2022-08-16,Baixa,Alta,2.44,-0.61,0
2022-08-17,Baixa,Alta,1.73,0.42,1
2022-08-18,Baixa,Baixa,1.03,-0.70,0
2022-08-19,Baixa,Baixa,0.34,-0.20,0
2022-08-22,Baixa,Baixa,0.00,0.67,1
2022-08-23,Baixa,Baixa,-0.34,-1.00,0
2022-08-24,Baixa,Baixa,-0.57,0.43,1
2022-08-25,Baixa,Baixa,-0.91,-0.70,0
2022-08-26,Baixa,Baixa,-0.91,-0.20,0
2022-08-29,Baixa,Baixa,-1.14,0.28,1
2022-08-30,Baixa,Baixa,-1.25,0.00,0
2022-08-31,Alta,Baixa,-1.26,0.64,1
2022-09-01,Baixa,Baixa,-1.26,-1.00,0
2022-09-02,Alta,Baixa,-1.38,0.05,1
2022-09-06,Baixa,Baixa,-1.27,-0.36,0
2022-09-07,Alta,Baixa,-0.92,0.81,1
2022-09-08,Alta,Baixa,-0.81,0.08,2
2022-09-09,Alta,Baixa,-0.46,-0.51,0
2022-09-12,Alta,Baixa,-0.12,0.00,0
2022-09-13,Alta,Baixa,0.12,0.18,1
2022-09-14,Baixa,Baixa,0.00,-0.06,0
2022-09-15,Baixa,Baixa,-0.12,0.40,1
2022-09-16,Alta,Baixa,-0.35,0.08,2
2022-09-19,Baixa,Baixa,-0.47,-0.50,0
2022-09-20,Baixa,Baixa,-0.81,-0.11,0
2022-09-21,Baixa,Baixa,-1.05,-0.50,0
2022-09-22,Baixa,Baixa,-1.40,-0.90,0
2022-09-23,Baixa,Baixa,-1.75,-0.20,0
2022-09-26,Baixa,Baixa,-2.22,0.00,0
2022-09-27,Baixa,Baixa,-2.46,-0.43,0
2022-09-28,Baixa,Baixa,-2.71,-0.44,0
2022-09-29,Baixa,Baixa,-2.96,-0.55,0
2022-09-30,Baixa,Baixa,-3.33,-0.19,0
2022-10-03,Baixa,Baixa,-3.59,0.31,1
2022-10-04,Baixa,Baixa,-3.85,0.69,2
2022-10-05,Baixa,Baixa,-4.00,0.17,3
2022-10-06,Baixa,Baixa,-3.90,-0.33,0
2022-10-07,Baixa,Baixa,-3.94,-0.96,0
2022-10-10,Baixa,Baixa,-3.97,0.00,0
2022-10-11,Baixa,Baixa,-4.13,-0.54,0
2022-10-12,Baixa,Baixa,-4.41,-0.57,0
2022-10-13,Baixa,Baixa,-4.82,0.44,1
2022-10-14,Baixa,Baixa,-5.12,-0.40,0
2022-10-17,Alta,Baixa,-5.17,0.06,1
2022-10-18,Baixa,Baixa,-5.48,-0.51,0
2022-10-19,Baixa,Baixa,-5.94,-0.62,0
2022-10-20,Baixa,Baixa,-6.27,0.43,1
2022-10-21,Baixa,Baixa,-6.61,-0.40,0
2022-10-24,Baixa,Baixa,-7.08,-0.43,0
2022-10-25,Baixa,Baixa,-7.46,-0.67,0
2022-10-26,Baixa,Baixa,-7.43,-0.27,0
2022-10-27,Baixa,Baixa,-7.54,-0.33,0
2022-10-28,Baixa,Baixa,-7.37,-0.60,0
2022-10-31,Baixa,Baixa,-7.33,0.00,0
2022-11-01,Alta,Baixa,-6.87,0.44,1
2022-11-02,Alta,Baixa,-6.52,-0.42,0
2022-11-03,Alta,Baixa,-5.85,0.71,1
2022-11-04,Baixa,Baixa,-5.77,-0.70,0
2022-11-07,Baixa,Baixa,-5.70,-0.48,0
2022-11-08,Baixa,Baixa,-5.93,-0.73,0
2022-11-09,Baixa,Baixa,-6.32,-0.06,0
2022-11-10,Alta,Baixa,-6.86,0.79,1
2022-11-11,Baixa,Baixa,-6.79,-0.17,0
2022-11-14,Baixa,Baixa,-7.05,-0.72,0
2022-11-15,Alta,Baixa,-6.64,0.90,1
2022-11-16,Alta,Baixa,-6.23,-0.19,0
2022-11-17,Alta,Baixa,-5.96,0.39,1
2022-11-18,Alta,Baixa,-5.86,0.24,2
2022-11-21,Alta,Baixa,-5.05,-0.22,0
2022-11-22,Baixa,Baixa,-5.29,-0.68,0
2022-11-23,Baixa,Baixa,-5.35,-0.09,0
2022-11-25,Alta,Baixa,-5.22,0.93,1
2022-11-28,Alta,Alta,-5.09,0.77,2
2022-11-29,Alta,Baixa,-5.32,-0.66,0
2022-11-30,Alta,Alta,-4.82,-0.11,0
2022-12-01,Alta,Alta,-4.48,0.30,1
2022-12-02,Alta,Alta,-4.33,-0.78,0
2022-12-05,Alta,Alta,-3.98,0.12,1
2022-12-06,Alta,Alta,-3.61,-0.75,0
2022-12-07,Baixa,Baixa,-3.64,-0.60,0
2022-12-08,Baixa,Baixa,-3.88,-0.65,0
2022-12-09,Baixa,Alta,-3.70,0.68,1
2022-12-12,Alta,Alta,-3.73,0.40,2
2022-12-13,Alta,Alta,-3.12,0.45,3
2022-12-14,Alta,Alta,-2.52,0.75,4
2022-12-15,Alta,Alta,-1.70,-0.29,0
2022-12-16,Alta,Alta,-1.07,0.41,1
2022-12-19,Baixa,Alta,-0.65,-0.77,0
2022-12-20,Baixa,Alta,-0.86,-0.86,0
2022-12-21,Baixa,Alta,-0.86,0.42,1
2022-12-22,Baixa,Alta,-0.65,0.26,2
2022-12-23,Baixa,Alta,-1.08,0.23,3
2022-12-27,Baixa,Baixa,-1.08,-0.07,0
2022-12-28,Baixa,Baixa,-1.30,-0.64,0
2022-12-29,Baixa,Baixa,-1.30,-0.47,0
2022-12-30,Baixa,Baixa,-1.74,-0.45,0
2023-01-03,Baixa,Baixa,-1.75,0.33,1
2023-01-04,Alta,Baixa,-1.75,0.36,2
2023-01-05,Baixa,Baixa,-1.54,-0.44,0
2023-01-06,Alta,Baixa,-1.32,0.19,1
2023-01-09,Alta,Baixa,-0.88,0.79,2
2023-01-10,Alta,Baixa,-0.44,-0.14,0
2023-01-11,Baixa,Baixa,0.00,0.25,1
2023-01-12,Alta,Baixa,0.45,1.00,2
2023-01-13,Alta,Alta,0.45,-0.27,0
2023-01-17,Alta,Alta,1.12,0.69,1
2023-01-18,Alta,Alta,1.34,-0.49,0
2023-01-19,Alta,Alta,1.78,0.07,1
2023-01-20,Alta,Alta,2.67,0.17,2
2023-01-23,Alta,Alta,3.78,0.74,3
2023-01-24,Alta,Alta,4.42,0.00,0
2023-01-25,Alta,Alta,5.07,0.26,1
2023-01-26,Baixa,Alta,5.25,-0.60,0
2023-01-27,Baixa,Alta,4.98,-0.57,0
2023-01-30,Baixa,Alta,4.28,-1.00,0
2023-01-31,Baixa,Alta,3.38,0.22,1
2023-02-01,Baixa,Alta,2.73,0.60,2
2023-02-02,Alta,Alta,2.08,0.68,3
2023-02-03,Alta,Alta,1.24,-0.93,0
2023-02-06,Alta,Alta,1.23,-0.23,0
2023-02-07,Baixa,Alta,1.23,-0.69,0
2023-02-08,Alta,Alta,1.22,-0.73,0
2023-02-09,Alta,Alta,1.02,0.12,1
2023-02-10,Baixa,Alta,1.22,-0.57,0
2023-02-13,Baixa,Alta,1.01,0.04,1
2023-02-14,Baixa,Baixa,0.00,-0.57,0
2023-02-15,Baixa,Baixa,-0.81,0.00,0
2023-02-16,Baixa,Baixa,-1.21,0.17,1
2023-02-17,Baixa,Baixa,-2.01,-0.07,0
2023-02-21,Baixa,Baixa,-2.61,-0.91,0
2023-02-22,Baixa,Baixa,-2.02,0.70,1
2023-02-23,Baixa,Baixa,-2.03,-0.12,0
2023-02-24,Baixa,Baixa,-2.04,0.11,1
2023-02-27,Baixa,Baixa,-2.26,-0.26,0
2023-02-28,Baixa,Baixa,-2.47,-0.62,0
2023-03-01,Baixa,Baixa,-3.30,-0.51,0
2023-03-02,Baixa,Baixa,-3.53,0.59,1
2023-03-03,Baixa,Baixa,-3.75,0.38,2
2023-03-06,Baixa,Baixa,-3.57,0.38,3
2023-03-07,Alta,Baixa,-3.59,0.91,4
2023-03-08,Alta,Baixa,-3.20,0.90,5
2023-03-09,Alta,Baixa,-2.58,0.79,6
2023-03-10,Alta,Baixa,-2.16,-0.79,0
2023-03-13,Alta,Baixa,-1.74,-0.09,0
2023-03-14,Baixa,Baixa,-1.54,-1.00,0
2023-03-15,Baixa,Baixa,-1.32,-0.57,0
2023-03-16,Baixa,Baixa,-1.32,-0.29,0
2023-03-17,Baixa,Baixa,-1.55,-0.82,0
2023-03-20,Baixa,Baixa,-1.55,0.57,1
2023-03-21,Alta,Baixa,-1.56,0.45,2
2023-03-22,Alta,Baixa,-1.56,0.41,3
2023-03-23,Alta,Baixa,-1.34,0.49,4
2023-03-24,Alta,Alta,-0.22,0.71,5
2023-03-27,Alta,Alta,0.23,-0.32,0
2023-03-28,Alta,Alta,0.90,-0.11,0
2023-03-29,Alta,Alta,0.91,0.82,1
2023-03-30,Alta,Alta,1.13,0.84,2
2023-03-31,Alta,Alta,0.45,-0.21,0
2023-04-03,Baixa,Alta,0.00,-1.00,0
2023-04-04,Alta,Alta,-0.45,0.71,1
2023-04-05,Alta,Alta,-0.45,-0.68,0
2023-04-06,Alta,Alta,-0.90,0.50,1
2023-04-10,Alta,Alta,-0.45,0.93,2
2023-04-11,Alta,Alta,0.00,-0.21,0
2023-04-12,Alta,Alta,0.68,-0.45,0
2023-04-13,Alta,Alta,1.35,0.27,1
2023-04-14,Alta,Alta,2.26,-0.56,0
2023-04-17,Alta,Alta,2.25,0.51,1
2023-04-18,Alta,Alta,2.47,-0.76,0
2023-04-19,Alta,Alta,2.68,0.38,1
2023-04-20,Alta,Alta,2.90,-0.52,0
2023-04-21,Alta,Alta,2.88,0.19,1
2023-04-24,Alta,Alta,2.86,0.00,0
2023-04-25,Baixa,Alta,3.07,0.16,1
2023-04-26,Baixa,Alta,3.05,-0.13,0
2023-04-27,Baixa,Alta,3.25,-0.73,0
2023-04-28,Baixa,Alta,3.44,-0.26,0
2023-05-01,Baixa,Alta,3.85,-0.33,0
2023-05-02,Baixa,Alta,4.04,-0.59,0
2023-05-03,Baixa,Alta,4.44,0.17,1
2023-05-04,Baixa,Alta,4.40,-0.74,0
2023-05-05,Baixa,Alta,4.37,-0.05,0
2023-05-08,Alta,Alta,4.54,1.00,1
2023-05-09,Alta,Alta,4.70,0.00,0
2023-05-10,Baixa,Alta,4.66,-1.00,0
2023-05-11,Alta,Alta,5.02,0.49,1
2023-05-12,Alta,Alta,5.58,0.65,2
2023-05-15,Alta,Alta,5.72,1.00,3
2023-05-16,Baixa,Alta,5.86,-0.95,0
2023-05-17,Alta,Alta,6.00,0.39,1
2023-05-18,Baixa,Alta,5.74,-0.51,0
2023-05-19,Baixa,Alta,5.09,-0.54,0
2023-05-22,Baixa,Baixa,4.48,-1.00,0
2023-05-23,Baixa,Alta,4.06,0.41,1
2023-05-24,Baixa,Baixa,3.65,-0.52,0
2023-05-25,Baixa,Baixa,3.44,-0.46,0
2023-05-26,Baixa,Baixa,3.23,-0.40,0
2023-05-30,Baixa,Baixa,3.39,-0.12,0
2023-05-31,Baixa,Baixa,3.19,-0.73,0
2023-06-01,Baixa,Baixa,2.99,-0.34,0
2023-06-02,Baixa,Baixa,2.62,-0.17,0
2023-06-05,Baixa,Baixa,2.26,-0.37,0
2023-06-06,Baixa,Baixa,1.21,-0.56,0
2023-06-07,Baixa,Baixa,0.34,-1.00,0
2023-06-08,Baixa,Baixa,-0.51,0.90,1
2023-06-09,Baixa,Baixa,-1.19,-0.33,0
2023-06-12,Baixa,Baixa,-1.87,0.24,1
2023-06-13,Alta,Baixa,-1.88,0.48,2
2023-06-14,Alta,Baixa,-1.88,-0.75,0
2023-06-15,Alta,Baixa,-1.89,0.16,1
2023-06-16,Alta,Baixa,-1.90,-0.47,0
2023-06-20,Alta,Baixa,-1.91,-0.11,0
2023-06-21,Baixa,Baixa,-2.26,-0.13,0
2023-06-22,Baixa,Baixa,-2.62,-0.39,0
2023-06-23,Baixa,Baixa,-2.98,-0.36,0
2023-06-26,Baixa,Baixa,-3.51,-1.00,0
2023-06-27,Baixa,Baixa,-3.89,1.00,1
2023-06-28,Baixa,Baixa,-4.27,-0.30,0
2023-06-29,Alta,Baixa,-4.30,0.96,1
2023-06-30,Alta,Baixa,-4.15,0.48,2
2023-07-03,Alta,Baixa,-4.01,-0.18,0
2023-07-05,Alta,Baixa,-3.86,-0.67,0
2023-07-06,Alta,Baixa,-3.53,0.82,1
2023-07-07,Alta,Alta,-3.18,1.00,2
2023-07-10,Baixa,Baixa,-3.39,-1.00,0
2023-07-11,Alta,Baixa,-3.04,0.28,1
2023-07-12,Baixa,Baixa,-2.87,-0.88,0
2023-07-13,Baixa,Baixa,-2.70,0.00,0
2023-07-14,Baixa,Baixa,-2.71,-0.56,0
2023-07-17,Baixa,Baixa,-2.53,-0.79,0
2023-07-18,Baixa,Baixa,-2.74,-0.18,0
2023-07-19,Alta,Baixa,-2.36,0.56,1
2023-07-20,Baixa,Baixa,-2.38,-0.79,0
2023-07-21,Baixa,Baixa,-2.58,-0.68,0
2023-07-24,Alta,Baixa,-2.40,-0.13,0
2023-07-25,Baixa,Baixa,-2.62,-0.81,0
2023-07-26,Baixa,Baixa,-3.23,-0.35,0
2023-07-27,Baixa,Baixa,-3.65,-0.97,0
2023-07-28,Baixa,Baixa,-3.88,0.85,1
2023-07-31,Alta,Baixa,-4.10,0.57,2
2023-08-01,Alta,Baixa,-3.93,0.53,3
2023-08-02,Alta,Baixa,-3.96,-0.79,0
2023-08-03,Alta,Baixa,-3.37,-0.43,0
2023-08-04,Alta,Alta,-2.97,-0.20,0
2023-08-07,Alta,Alta,-2.56,0.87,1
2023-08-08,Alta,Alta,-1.72,0.70,2
2023-08-09,Alta,Alta,-0.65,-0.92,0
2023-08-10,Baixa,Alta,-0.22,-0.26,0
2023-08-11,Baixa,Alta,0.22,-0.41,0
2023-08-14,Baixa,Alta,0.44,0.34,1
2023-08-15,Baixa,Alta,0.44,0.50,2
2023-08-16,Baixa,Alta,0.22,-0.71,0
2023-08-17,Baixa,Alta,0.22,0.33,1
2023-08-18,Baixa,Baixa,0.66,-0.60,0
2023-08-21,Baixa,Alta,0.66,0.68,1
2023-08-22,Baixa,Alta,0.87,0.67,2
2023-08-23,Alta,Alta,1.09,0.58,3
2023-08-24,Alta,Alta,1.31,0.22,4
2023-08-25,Alta,Alta,1.08,0.00,0
2023-08-28,Alta,Alta,1.30,-0.29,0
2023-08-29,Alta,Alta,1.08,0.07,1
2023-08-30,Alta,Alta,1.29,0.71,2
2023-08-31,Alta,Alta,1.51,0.77,3
2023-09-01,Alta,Alta,2.15,-0.24,0
2023-09-05,Alta,Alta,2.57,0.28,1
2023-09-06,Alta,Alta,3.21,0.83,2
2023-09-07,Alta,Alta,3.62,0.13,3
2023-09-08,Baixa,Alta,3.81,-0.71,0
2023-09-11,Alta,Alta,3.57,0.45,1
2023-09-12,Baixa,Alta,3.13,-0.22,0
2023-09-13,Baixa,Alta,2.48,-0.08,0
2023-09-14,Baixa,Alta,2.05,0.18,1
2023-09-15,Baixa,Alta,1.84,0.22,2
2023-09-18,Baixa,Alta,1.22,-1.00,0
2023-09-19,Baixa,Alta,1.21,-0.88,0
2023-09-20,Baixa,Alta,1.21,0.44,1
2023-09-21,Baixa,Alta,1.01,0.56,2
2023-09-22,Baixa,Alta,1.00,-0.54,0
2023-09-25,Baixa,Alta,1.20,0.30,1
2023-09-26,Alta,Alta,1.40,0.62,2
2023-09-27,Alta,Alta,1.80,0.43,3
2023-09-28,Alta,Alta,1.99,0.15,4
2023-09-29,Alta,Alta,2.18,0.22,5
2023-10-02,Alta,Alta,2.57,0.71,6
2023-10-03,Alta,Alta,2.96,1.00,7
2023-10-04,Alta,Alta,3.14,-0.79,0
2023-10-05,Baixa,Alta,3.32,-0.32,0
2023-10-06,Baixa,Alta,3.50,-0.49,0
2023-10-09,Baixa,Alta,3.28,0.26,1
2023-10-10,Baixa,Alta,2.87,-0.29,0
2023-10-11,Baixa,Baixa,2.28,-0.25,0
2023-10-12,Baixa,Baixa,2.08,0.13,1
2023-10-13,Baixa,Baixa,1.69,0.38,2
2023-10-16,Baixa,Baixa,1.68,0.12,3
2023-10-17,Baixa,Baixa,1.30,0.04,4
2023-10-18,Alta,Alta,1.12,0.86,5
2023-10-19,Alta,Alta,0.74,0.29,6
2023-10-20,Alta,Alta,0.74,0.37,7
2023-10-23,Baixa,Alta,0.55,-0.10,0
2023-10-24,Baixa,Alta,0.74,0.55,1
2023-10-25,Alta,Alta,0.92,0.66,2
2023-10-26,Alta,Alta,1.29,-0.36,0
2023-10-27,Alta,Alta,1.28,0.22,1
2023-10-30,Alta,Alta,1.83,0.75,2
2023-10-31,Alta,Alta,2.01,-0.59,0
2023-11-01,Alta,Alta,2.37,0.00,0
2023-11-02,Alta,Alta,2.54,0.08,1
2023-11-03,Alta,Alta,2.71,0.02,2
2023-11-06,Baixa,Alta,2.33,-0.96,0
2023-11-07,Baixa,Alta,2.33,-0.95,0
2023-11-08,Baixa,Alta,2.14,0.20,1
2023-11-09,Baixa,Alta,1.77,-0.79,0
2023-11-10,Baixa,Baixa,1.41,-0.22,0
2023-11-13,Baixa,Baixa,1.05,-0.68,0
2023-11-14,Baixa,Alta,0.70,0.80,1
2023-11-15,Alta,Alta,0.35,1.00,2
2023-11-16,Alta,Alta,0.17,-0.13,0
2023-11-17,Alta,Alta,0.17,-0.05,0
2023-11-20,Alta,Alta,0.35,0.00,0
2023-11-21,Alta,Alta,0.35,-0.79,0
2023-11-22,Baixa,Baixa,0.35,-0.96,0
2023-11-24,Baixa,Baixa,0.35,-0.50,0
2023-11-27,Baixa,Baixa,0.17,-0.42,0
2023-11-28,Alta,Alta,0.17,0.09,1
2023-11-29,Baixa,Baixa,0.17,-0.42,0
2023-11-30,Baixa,Baixa,0.35,-0.94,0
2023-12-01,Alta,Alta,0.35,0.81,1
2023-12-04,Alta,Alta,0.69,-0.35,0
2023-12-05,Baixa,Baixa,0.52,-0.60,0
2023-12-06,Baixa,Baixa,0.35,0.80,1
2023-12-07,Baixa,Baixa,0.17,0.49,2
2023-12-08,Baixa,Baixa,0.00,-0.03,0
2023-12-11,Baixa,Baixa,-0.52,-0.39,0
2023-12-12,Baixa,Baixa,-0.86,-0.25,0
2023-12-13,Baixa,Baixa,-1.20,0.26,1
2023-12-14,Alta,Baixa,-1.38,0.55,2
2023-12-15,Baixa,Baixa,-1.55,-0.47,0
2023-12-18,Alta,Baixa,-1.38,0.87,1
2023-12-19,Alta,Alta,-1.04,0.40,2
2023-12-20,Alta,Alta,-0.35,-0.30,0
2023-12-21,Alta,Alta,0.00,0.37,1
2023-12-22,Alta,Baixa,0.53,-0.07,0
2023-12-26,Baixa,Baixa,0.53,-0.15,0
2023-12-27,Baixa,Baixa,0.53,-0.13,0
2023-12-28,Baixa,Baixa,0.52,-0.20,0
2023-12-29,Alta,Alta,0.35,0.47,1
2024-01-02,Alta,Alta,0.35,0.77,2
2024-01-03,Alta,Alta,0.52,0.35,3
2024-01-04,Alta,Alta,0.70,-0.03,0
2024-01-05,Alta,Alta,0.70,0.10,1
2024-01-08,Baixa,Alta,0.70,-0.28,0
2024-01-09,Baixa,Alta,0.69,0.30,1
2024-01-10,Alta,Alta,0.52,-0.12,0
2024-01-11,Alta,Alta,0.35,-0.09,0
2024-01-12,Alta,Alta,0.17,0.31,1
2024-01-16,Alta,Alta,0.35,0.33,2
2024-01-17,Alta,Alta,0.17,-0.02,0
2024-01-18,Alta,Alta,0.34,-0.53,0
2024-01-19,Alta,Alta,0.52,0.27,1
2024-01-22,Alta,Alta,1.03,0.24,2
2024-01-23,Alta,Alta,1.38,-0.14,0
2024-01-24,Alta,Alta,1.89,-0.64,0
2024-01-25,Alta,Alta,2.41,0.05,1
2024-01-26,Alta,Alta,2.92,-0.55,0
2024-01-29,Alta,Alta,2.90,-0.24,0
2024-01-30,Alta,Alta,2.89,-0.02,0
2024-01-31,Alta,Alta,2.87,-0.26,0
2024-02-01,Baixa,Alta,2.68,0.43,1
2024-02-02,Baixa,Alta,2.33,-0.30,0
2024-02-05,Baixa,Alta,2.32,-0.26,0
2024-02-06,Baixa,Alta,2.31,0.56,1
2024-02-07,Baixa,Alta,2.46,0.20,2
2024-02-08,Baixa,Alta,2.45,0.37,3
2024-02-09,Alta,Alta,2.61,1.00,4
2024-02-12,Baixa,Alta,2.43,-0.33,0
2024-02-13,Baixa,Alta,2.58,0.38,1
2024-02-14,Baixa,Alta,2.24,0.30,2
2024-02-15,Alta,Alta,2.23,0.21,3
2024-02-16,Baixa,Alta,2.22,-0.46,0
2024-02-20,Baixa,Alta,2.37,-0.03,0
2024-02-21,Baixa,Alta,2.20,0.20,1
2024-02-22,Baixa,Alta,2.35,0.00,0
2024-02-23,Baixa,Alta,2.34,-0.27,0
2024-02-26,Baixa,Alta,2.33,-0.39,0
2024-02-27,Baixa,Alta,2.32,-0.04,0
2024-02-28,Alta,Alta,2.15,0.50,1
2024-02-29,Alta,Alta,2.14,-0.74,0
2024-03-01,Baixa,Alta,2.13,-0.78,0
2024-03-04,Baixa,Alta,1.97,-0.04,0
2024-03-05,Baixa,Baixa,1.66,-0.20,0
2024-03-06,Baixa,Baixa,1.66,0.07,1
2024-03-07,Alta,Alta,1.50,0.69,2
2024-03-08,Alta,Alta,1.49,0.94,3
2024-03-11,Baixa,Baixa,1.49,-0.33,0
2024-03-12,Baixa,Baixa,1.49,-0.61,0
2024-03-13,Baixa,Baixa,1.33,1.00,1
2024-03-14,Baixa,Baixa,1.18,-0.23,0
2024-03-15,Alta,Baixa,0.74,0.73,1
2024-03-18,Alta,Alta,0.73,0.89,2
2024-03-19,Alta,Alta,0.88,0.21,3
2024-03-20,Baixa,Baixa,0.88,-0.92,0
2024-03-21,Baixa,Baixa,0.88,0.34,1
2024-03-22,Baixa,Baixa,0.88,-0.14,0
2024-03-25,Baixa,Baixa,0.58,-0.52,0
2024-03-26,Baixa,Baixa,0.29,0.75,1
2024-03-27,Baixa,Baixa,0.00,-0.38,0
2024-03-28,Baixa,Baixa,-0.29,0.65,1
2024-04-01,Baixa,Baixa,-0.43,-0.27,0
2024-04-02,Baixa,Baixa,-0.58,-0.26,0
2024-04-03,Alta,Baixa,-0.87,0.47,1
2024-04-04,Alta,Baixa,-1.01,0.21,2
2024-04-05,Baixa,Baixa,-1.31,-0.86,0
2024-04-08,Baixa,Baixa,-1.60,-0.48,0
2024-04-09,Baixa,Baixa,-1.89,0.02,1
2024-04-10,Baixa,Baixa,-2.19,-0.42,0
2024-04-11,Baixa,Baixa,-2.34,0.37,1
2024-04-12,Baixa,Baixa,-2.50,-0.52,0
2024-04-15,Baixa,Baixa,-2.51,0.44,1
2024-04-16,Baixa,Baixa,-2.67,-0.46,0
2024-04-17,Baixa,Baixa,-2.54,0.07,1
2024-04-18,Baixa,Baixa,-2.55,-0.97,0
2024-04-19,Baixa,Baixa,-2.56,-0.16,0
2024-04-22,Baixa,Baixa,-2.58,-0.03,0
2024-04-23,Alta,Baixa,-2.44,0.08,1
2024-04-24,Baixa,Baixa,-2.45,-0.71,0
2024-04-25,Alta,Baixa,-2.46,0.18,1
2024-04-26,Alta,Baixa,-2.32,0.27,2
2024-04-29,Alta,Baixa,-2.33,-0.13,0
2024-04-30,Alta,Baixa,-2.19,0.62,1
2024-05-01,Alta,Baixa,-2.04,-0.57,0
2024-05-02,Alta,Baixa,-1.74,-0.11,0
2024-05-03,Alta,Alta,-1.58,-0.10,0
2024-05-06,Alta,Alta,-0.96,0.79,1
2024-05-07,Alta,Alta,-0.64,-0.59,0
2024-05-08,Alta,Alta,-0.16,0.54,1
2024-05-09,Alta,Alta,0.00,-0.92,0
2024-05-10,Alta,Alta,0.32,0.06,1
2024-05-13,Alta,Alta,0.32,0.91,2
2024-05-14,Alta,Alta,0.64,0.50,3
2024-05-15,Alta,Alta,0.64,-0.21,0
2024-05-16,Alta,Alta,0.80,-0.18,0
2024-05-17,Baixa,Alta,0.96,-0.50,0
2024-05-20,Baixa,Alta,0.80,0.44,1
2024-05-21,Baixa,Alta,0.64,-0.47,0
2024-05-22,Baixa,Alta,0.64,0.91,1
2024-05-23,Baixa,Alta,0.64,0.25,2
2024-05-24,Baixa,Alta,0.79,0.16,3
2024-05-28,Baixa,Alta,0.79,-0.08,0
2024-05-29,Baixa,Alta,0.48,-0.54,0
2024-05-30,Baixa,Alta,0.16,-0.34,0
2024-05-31,Baixa,Alta,0.00,0.24,1
2024-06-03,Baixa,Baixa,-0.32,-0.09,0
2024-06-04,Baixa,Alta,-0.16,0.68,1
2024-06-05,Alta,Alta,0.16,0.62,2
2024-06-06,Alta,Alta,0.47,-0.18,0
2024-06-07,Alta,Alta,0.63,0.48,1
2024-06-10,Baixa,Alta,0.63,0.00,0
2024-06-11,Alta,Alta,0.63,0.46,1
2024-06-12,Baixa,Alta,0.79,-0.44,0
2024-06-13,Baixa,Baixa,0.63,-0.80,0
2024-06-14,Baixa,Baixa,0.31,-0.11,0
2024-06-17,Baixa,Baixa,0.47,0.65,1
2024-06-18,Baixa,Baixa,0.31,-0.96,0
2024-06-20,Baixa,Baixa,0.00,0.84,1
2024-06-21,Alta,Baixa,0.16,0.76,2
2024-06-24,Alta,Baixa,0.31,-0.60,0
2024-06-25,Alta,Baixa,0.31,-0.65,0
2024-06-26,Alta,Baixa,0.47,0.89,1
2024-06-27,Alta,Baixa,0.78,0.69,2
2024-06-28,Alta,Baixa,0.94,0.15,3
2024-07-01,Alta,Baixa,1.09,1.00,4
2024-07-02,Baixa,Baixa,1.25,0.33,5
2024-07-03,Baixa,Baixa,1.25,0.00,0
2024-07-05,Alta,Baixa,1.09,0.26,1
2024-07-08,Alta,Baixa,1.08,0.93,2
2024-07-09,Baixa,Baixa,1.08,0.64,3
2024-07-10,Baixa,Baixa,1.08,-0.44,0
2024-07-11,Baixa,Baixa,1.08,-0.58,0
2024-07-12,Alta,Baixa,0.92,0.45,1
2024-07-15,Baixa,Baixa,0.61,-0.50,0
2024-07-16,Baixa,Baixa,0.61,0.11,1
2024-07-17,Baixa,Baixa,0.30,-0.17,0
2024-07-18,Baixa,Baixa,-0.15,0.00,0
2024-07-19,Baixa,Baixa,-0.46,-0.61,0
2024-07-22,Baixa,Baixa,-0.76,0.92,1
2024-07-23,Baixa,Baixa,-1.22,-0.59,0
2024-07-24,Baixa,Baixa,-1.37,0.17,1
2024-07-25,Baixa,Baixa,-1.52,-0.88,0
2024-07-26,Baixa,Baixa,-1.68,-0.08,0
2024-07-29,Baixa,Baixa,-1.69,-1.00,0
2024-07-30,Alta,Baixa,-1.85,1.00,1
2024-07-31,Alta,Baixa,-2.00,-0.15,0
2024-08-01,Alta,Baixa,-1.70,1.00,1
2024-08-02,Baixa,Baixa,-1.56,-0.57,0
2024-08-05,Baixa,Baixa,-1.72,0.19,1
2024-08-06,Baixa,Baixa,-1.57,0.55,2
2024-08-07,Alta,Baixa,-1.42,0.55,3
2024-08-08,Alta,Baixa,-1.57,-0.58,0
2024-08-09,Baixa,Baixa,-1.58,-1.00,0
2024-08-12,Alta,Baixa,-1.27,0.77,1
2024-08-13,Baixa,Baixa,-1.11,-0.73,0
2024-08-14,Alta,Baixa,-0.96,0.41,1
2024-08-15,Alta,Baixa,-0.80,0.21,2
2024-08-16,Alta,Baixa,-0.64,-0.17,0
2024-08-19,Alta,Baixa,-0.64,0.78,1
2024-08-20,Alta,Baixa,-0.64,0.20,2
2024-08-21,Alta,Baixa,-0.81,0.50,3
2024-08-22,Baixa,Baixa,-0.81,-1.00,0
2024-08-23,Baixa,Baixa,-0.81,0.20,1
2024-08-26,Baixa,Baixa,-0.81,-0.55,0
2024-08-27,Baixa,Baixa,-0.81,1.00,1
2024-08-28,Alta,Baixa,-0.65,0.63,2
2024-08-29,Alta,Baixa,-0.49,-0.20,0
2024-08-30,Alta,Baixa,-0.33,1.00,1
2024-09-03,Alta,Alta,-0.16,1.00,2
2024-09-04,Alta,Baixa,0.00,-0.04,0
2024-09-05,Baixa,Baixa,-0.16,0.05,1
2024-09-06,Baixa,Baixa,-0.16,-0.20,0
2024-09-09,Alta,Baixa,-0.33,-0.17,0
2024-09-10,Baixa,Baixa,-0.49,-0.91,0
2024-09-11,Baixa,Baixa,-0.65,-0.17,0
2024-09-12,Baixa,Baixa,-0.65,-0.76,0
2024-09-13,Alta,Alta,-0.65,-0.05,0
2024-09-16,Alta,Alta,-0.49,1.00,1
2024-09-17,Baixa,Baixa,-0.49,0.00,0
2024-09-18,Alta,Alta,-0.49,0.53,1
2024-09-19,Baixa,Baixa,-0.33,0.25,2
2024-09-20,Alta,Alta,-0.33,0.64,3
2024-09-23,Alta,Alta,-0.33,0.05,4
2024-09-24,Alta,Alta,0.00,0.63,5
2024-09-25,Alta,Alta,0.33,0.64,6
2024-09-26,Alta,Alta,0.50,-0.16,0
2024-09-27,Alta,Alta,0.66,-0.11,0
2024-09-30,Alta,Alta,0.99,0.53,1
2024-10-01,Alta,Alta,1.16,0.20,2
2024-10-02,Alta,Alta,1.48,0.77,3
2024-10-03,Alta,Alta,1.64,0.08,4
2024-10-04,Alta,Alta,1.97,-0.14,0
2024-10-07,Alta,Alta,2.29,0.96,1
2024-10-08,Alta,Alta,2.45,-0.14,0
2024-10-09,Alta,Alta,2.60,-0.49,0
2024-10-10,Alta,Alta,2.75,0.42,1
2024-10-11,Alta,Alta,2.74,-0.36,0
2024-10-14,Alta,Alta,2.72,-0.16,0
2024-10-15,Alta,Alta,3.03,0.35,1
2024-10-16,Alta,Alta,3.01,0.20,2
2024-10-17,Alta,Alta,3.15,0.20,3
2024-10-18,Alta,Alta,3.29,0.50,4
2024-10-21,Alta,Alta,3.74,0.92,5
2024-10-22,Alta,Alta,4.02,0.78,6
2024-10-23,Alta,Alta,4.61,-0.23,0
2024-10-24,Alta,Alta,5.34,0.43,1
2024-10-25,Alta,Alta,6.37,0.72,2
2024-10-28,Alta,Alta,6.76,-0.35,0
2024-10-29,Alta,Alta,7.13,-0.08,0
2024-10-30,Alta,Alta,7.64,0.61,1
2024-10-31,Alta,Alta,7.68,-0.64,0
2024-11-01,Alta,Alta,7.56,0.07,1
2024-11-04,Alta,Alta,7.88,0.52,2
2024-11-05,Alta,Alta,8.32,0.43,3
2024-11-06,Alta,Alta,8.19,-0.62,0
2024-11-07,Alta,Alta,8.48,0.73,1
2024-11-08,Alta,Alta,8.89,0.81,2
2024-11-11,Alta,Alta,9.00,-0.29,0
2024-11-12,Baixa,Alta,8.58,-0.85,0
2024-11-13,Alta,Alta,8.83,0.48,1
2024-11-14,Alta,Alta,8.93,0.53,2
2024-11-15,Baixa,Alta,8.16,-0.87,0
2024-11-18,Baixa,Alta,7.06,-0.79,0
2024-11-19,Baixa,Alta,6.60,0.34,1
2024-11-20,Baixa,Alta,5.56,-0.31,0
2024-11-21,Baixa,Alta,4.78,-0.02,0
2024-11-22,Alta,Alta,4.73,0.81,1
2024-11-25,Alta,Alta,5.03,0.11,2
2024-11-26,Alta,Alta,5.20,0.09,3
2024-11-27,Alta,Alta,5.71,0.62,4
2024-11-29,Alta,Alta,6.09,-0.25,0
2024-12-02,Baixa,Alta,6.02,-0.49,0
2024-12-03,Baixa,Alta,5.85,-0.18,0
2024-12-04,Baixa,Alta,5.68,0.51,1
2024-12-05,Baixa,Alta,5.19,-0.53,0
2024-12-06,Alta,Alta,4.92,0.69,1
2024-12-09,Alta,Alta,5.07,0.74,2
2024-12-10,Alta,Alta,5.33,0.07,3
2024-12-11,Alta,Alta,5.77,0.58,4
2024-12-12,Alta,Alta,6.12,-0.65,0
2024-12-13,Alta,Alta,6.25,0.16,1
2024-12-16,Alta,Alta,6.37,0.42,2
2024-12-17,Alta,Alta,6.30,-0.62,0
2024-12-18,Alta,Alta,6.21,0.23,1
2024-12-19,Alta,Alta,6.23,-0.53,0
2024-12-20,Alta,Alta,6.34,0.45,1
2024-12-23,Alta,Alta,6.81,0.77,2
2024-12-24,Alta,Alta,7.09,-0.66,0
2024-12-26,Alta,Alta,7.26,0.45,1
2024-12-27,Alta,Alta,7.53,-0.16,0
2024-12-30,Alta,Alta,7.69,0.35,1
2024-12-31,Baixa,Alta,7.22,-0.60,0
2025-01-02,Alta,Alta,7.12,0.28,1
2025-01-03,Alta,Alta,6.77,0.51,2
2025-01-06,Alta,Alta,6.60,0.43,3
2025-01-07,Alta,Alta,6.10,-0.47,0
2025-01-08,Baixa,Alta,5.63,-0.28,0
2025-01-10,Baixa,Alta,5.16,-0.30,0
2025-01-13,Baixa,Alta,4.64,-0.45,0
2025-01-14,Baixa,Alta,3.90,-0.07,0
2025-01-15,Baixa,Alta,3.56,-0.30,0
2025-01-16,Baixa,Alta,3.30,0.05,1
2025-01-17,Baixa,Alta,2.98,0.16,2
2025-01-21,Alta,Alta,2.81,0.01,3
2025-01-22,Alta,Alta,2.87,0.04,4
2025-01-23,Alta,Alta,2.63,-0.32,0
2025-01-24,Alta,Alta,2.54,0.69,1
2025-01-27,Alta,Alta,2.46,-0.00,0
2025-01-28,Baixa,Alta,2.52,-0.31,0
2025-01-29,Baixa,Alta,2.22,-0.60,0
2025-01-30,Baixa,Alta,2.06,0.08,1
2025-01-31,Alta,Alta,2.41,0.74,2
2025-02-03,Baixa,Alta,2.89,0.27,3
2025-02-04,Alta,Alta,3.16,0.48,4
2025-02-05,Baixa,Alta,3.78,-0.32,0
2025-02-06,Baixa,Alta,4.32,0.21,1
2025-02-07,Alta,Alta,4.15,0.64,2
2025-02-10,Alta,Alta,4.04,0.37,3
2025-02-11,Baixa,Alta,3.81,-0.89,0
2025-02-12,Alta,Alta,3.50,0.36,1
2025-02-13,Alta,Alta,3.34,0.48,2
2025-02-14,Alta,Alta,3.45,0.25,3
2025-02-18,Alta,Alta,3.56,0.32,4
2025-02-19,Alta,Alta,3.99,0.67,5
2025-02-20,Alta,Alta,4.43,-0.36,0
2025-02-21,Baixa,Alta,4.46,-0.51,0
2025-02-24,Baixa,Alta,4.17,-0.37,0
2025-02-25,Baixa,Baixa,3.56,-0.65,0
2025-02-26,Baixa,Baixa,2.64,-0.60,0
2025-02-27,Baixa,Baixa,1.87,-0.19,0
2025-02-28,Baixa,Baixa,1.36,-0.14,0
2025-03-03,Baixa,Baixa,0.92,-0.78,0
2025-03-04,Baixa,Baixa,0.74,0.27,1
2025-03-05,Alta,Baixa,0.61,0.42,2
2025-03-06,Baixa,Baixa,0.37,-0.61,0
2025-03-07,Baixa,Baixa,0.06,-0.25,0
2025-03-10,Baixa,Baixa,-0.61,-0.68,0
2025-03-11,Baixa,Baixa,-1.10,0.27,1
2025-03-12,Baixa,Baixa,-1.52,-0.40,0
2025-03-13,Baixa,Baixa,-2.38,-0.90,0
2025-03-14,Baixa,Baixa,-3.30,-0.71,0
2025-03-17,Baixa,Baixa,-3.69,-0.23,0
2025-03-18,Baixa,Baixa,-4.38,-0.23,0
2025-03-19,Baixa,Baixa,-5.08,-0.55,0
2025-03-20,Baixa,Baixa,-5.50,0.13,1
2025-03-21,Baixa,Baixa,-5.68,0.00,0
2025-03-24,Baixa,Baixa,-5.87,-0.62,0
2025-03-25,Baixa,Baixa,-6.06,-0.38,0
2025-03-26,Baixa,Baixa,-6.07,0.08,1
2025-03-27,Baixa,Baixa,-5.95,-0.71,0
2025-03-28,Baixa,Baixa,-6.02,-0.62,0
2025-03-31,Baixa,Baixa,-6.10,0.16,1
2025-04-01,Baixa,Baixa,-6.18,-0.62,0
2025-04-02,Baixa,Baixa,-6.39,0.81,1
2025-04-03,Baixa,Baixa,-6.68,-0.29,0
2025-04-04,Baixa,Baixa,-6.91,0.02,1
2025-04-07,Baixa,Baixa,-7.29,0.31,2
2025-04-08,Baixa,Baixa,-7.68,-0.64,0
2025-04-09,Baixa,Baixa,-7.94,0.78,1
2025-04-10,Baixa,Baixa,-8.06,-0.46,0
2025-04-11,Baixa,Baixa,-8.11,0.15,1
2025-04-14,Alta,Baixa,-8.25,0.61,2
2025-04-15,Alta,Baixa,-8.08,0.37,3
2025-04-16,Alta,Baixa,-8.22,-0.39,0
2025-04-17,Alta,Baixa,-8.35,0.25,1
2025-04-21,Alta,Baixa,-8.41,0.47,2
2025-04-22,Alta,Baixa,-8.40,0.11,3
2025-04-23,Alta,Baixa,-8.71,-0.17,0
2025-04-24,Alta,Baixa,-8.60,0.78,1
2025-04-25,Alta,Baixa,-8.58,0.26,2
2025-04-28,Alta,Baixa,-8.73,-0.22,0
2025-04-29,Alta,Baixa,-8.98,-0.43,0
2025-04-30,Alta,Baixa,-9.16,0.29,1
2025-05-01,Alta,Baixa,-9.89,0.29,2
2025-05-02,Baixa,Baixa,-10.65,-0.49,0
2025-05-05,Baixa,Baixa,-11.16,-0.02,0
2025-05-06,Baixa,Baixa,-11.29,0.24,1
2025-05-07,Baixa,Baixa,-11.23,-0.41,0
2025-05-08,Baixa,Baixa,-11.09,-0.81,0
2025-05-09,Baixa,Baixa,-11.16,-0.87,0
2025-05-12,Baixa,Baixa,-11.32,0.06,1
2025-05-13,Baixa,Baixa,-11.58,-0.14,0
2025-05-14,Baixa,Baixa,-12.06,-0.58,0
2025-05-15,Baixa,Baixa,-12.47,0.75,1
2025-05-16,Alta,Baixa,-12.32,0.45,2
2025-05-19,Alta,Baixa,-12.26,0.15,3
2025-05-20,Alta,Baixa,-11.93,-0.09,0
2025-05-21,Baixa,Baixa,-11.85,-0.77,0
2025-05-22,Baixa,Baixa,-11.37,-0.18,0
2025-05-23,Baixa,Baixa,-10.53,-0.09,0
2025-05-27,Baixa,Baixa,-9.22,-0.58,0
2025-05-28,Baixa,Baixa,-8.10,0.17,1
2025-05-29,Baixa,Baixa,-6.80,-0.81,0
2025-05-30,Alta,Baixa,-5.56,0.37,1
2025-06-02,Alta,Baixa,-5.02,0.03,2
2025-06-03,Alta,Baixa,-4.92,0.56,3
2025-06-04,Alta,Baixa,-4.65,0.47,4
2025-06-05,Alta,Baixa,-4.21,0.08,5
2025-06-06,Alta,Baixa,-3.76,1.00,6
2025-06-09,Alta,Baixa,-3.14,-0.63,0
2025-06-10,Alta,Baixa,-2.50,0.26,1
2025-06-11,Alta,Baixa,-2.18,-0.56,0
2025-06-12,Baixa,Baixa,-1.69,-0.72,0
2025-06-13,Baixa,Baixa,-1.87,-0.55,0
2025-06-16,Baixa,Baixa,-1.71,0.27,1
2025-06-17,Baixa,Baixa,-1.54,-0.35,0
2025-06-18,Baixa,Baixa,-1.37,0.59,1
2025-06-20,Baixa,Baixa,-1.20,-0.23,0
2025-06-23,Baixa,Baixa,-0.69,0.04,1
2025-06-24,Alta,Baixa,-0.69,0.46,2
2025-06-25,Alta,Baixa,-0.52,-0.41,0
2025-06-26,Alta,Baixa,-0.52,0.61,1
2025-06-27,Alta,Baixa,-0.87,0.03,2
2025-06-30,Baixa,Baixa,-0.87,-0.45,0
2025-07-01,Baixa,Baixa,-1.05,-0.11,0
2025-07-02,Alta,Baixa,-1.40,0.65,1
2025-07-03,Alta,Alta,-1.40,0.87,2
2025-07-07,Alta,Alta,-1.23,0.03,3
2025-07-08,Alta,Alta,-1.23,0.52,4
2025-07-09,Alta,Alta,-0.71,0.47,5
2025-07-10,Alta,Alta,-0.35,-0.40,0
2025-07-11,Alta,Alta,-0.18,-0.89,0
2025-07-14,Alta,Alta,0.00,0.75,1
2025-07-15,Baixa,Alta,0.00,-0.80,0
2025-07-16,Alta,Alta,0.00,0.80,1
2025-07-17,Alta,Alta,0.18,-0.02,0
2025-07-18,Baixa,Alta,0.36,-0.28,0
2025-07-21,Baixa,Alta,0.36,-0.35,0
2025-07-22,Baixa,Alta,1.25,-0.08,0
2025-07-23,Alta,Alta,1.96,0.48,1
2025-07-24,Alta,Alta,2.84,0.28,2
2025-07-25,Alta,Alta,3.72,0.49,3
2025-07-28,Baixa,Alta,4.61,-0.87,0
2025-07-29,Baixa,Alta,4.58,-0.39,0
2025-07-30,Baixa,Alta,4.19,0.12,1
2025-07-31,Baixa,Alta,3.63,-0.20,0
2025-08-01,Baixa,Alta,3.08,0.00,0
2025-08-04,Alta,Alta,3.05,0.73,1
2025-08-05,Baixa,Alta,3.03,-0.45,0
2025-08-06,Baixa,Alta,3.02,0.18,1
2025-08-07,Baixa,Baixa,2.50,-0.92,0
2025-08-08,Baixa,Baixa,1.99,-0.83,0
2025-08-11,Baixa,Baixa,0.99,-0.43,0
2025-08-12,Baixa,Baixa,0.00,0.38,1
2025-08-13,Baixa,Baixa,-0.33,0.36,2
2025-08-14,Alta,Baixa,-0.33,0.42,3
2025-08-15,Alta,Baixa,-0.33,-0.05,0
2025-08-18,Alta,Baixa,-0.16,0.31,1
2025-08-19,Alta,Baixa,-0.16,-0.70,0
2025-08-20,Alta,Baixa,-0.49,0.51,1
2025-08-21,Baixa,Baixa,-0.65,0.19,2
2025-08-22,Alta,Baixa,-0.65,0.95,3
2025-08-25,Alta,Baixa,-0.65,-0.50,0
2025-08-26,Alta,Baixa,-0.33,0.61,1
2025-08-27,Alta,Baixa,0.00,0.12,2
2025-08-28,Alta,Baixa,0.33,0.17,3
2025-08-29,Baixa,Baixa,0.33,-0.60,0
2025-09-02,Baixa,Baixa,0.33,0.20,1
2025-09-03,Baixa,Baixa,0.33,-0.19,0
2025-09-04,Baixa,Baixa,0.00,-0.78,0
2025-09-05,Baixa,Baixa,-0.16,0.32,1
2025-09-08,Baixa,Baixa,-0.33,0.17,2
2025-09-09,Alta,Baixa,-0.49,0.68,3
2025-09-10,Baixa,Baixa,-0.65,-0.57,0
2025-09-11,Alta,Baixa,-0.49,0.38,1
2025-09-12,Baixa,Baixa,-0.66,-0.70,0
2025-09-15,Baixa,Baixa,-0.99,0.53,1
2025-09-16,Baixa,Baixa,-1.32,0.37,2
2025-09-17,Alta,Baixa,-1.81,0.19,3
2025-09-18,Alta,Baixa,-2.80,0.05,4
2025-09-19,Alta,Baixa,-3.47,-0.07,0
2025-09-22,Alta,Baixa,-3.48,0.64,1
2025-09-23,Alta,Baixa,-3.83,0.19,2
2025-09-24,Alta,Baixa,-3.86,0.10,3
2025-09-25,Baixa,Baixa,-3.73,-0.83,0
2025-09-26,Baixa,Baixa,-3.76,0.31,1
2025-09-29,Baixa,Baixa,-3.95,-0.17,0
2025-09-30,Baixa,Baixa,-3.99,-0.37,0
2025-10-01,Baixa,Baixa,-4.01,0.07,1
2025-10-02,Alta,Baixa,-3.87,0.63,2
2025-10-03,Alta,Baixa,-3.91,-0.61,0
2025-10-06,Alta,Baixa,-4.29,0.09,1
2025-10-07,Baixa,Baixa,-4.15,0.07,2
2025-10-08,Alta,Baixa,-4.18,0.65,3
2025-10-09,Alta,Alta,-4.03,0.56,4
2025-10-10,Baixa,Baixa,-3.88,-0.66,0
2025-10-13,Baixa,Baixa,-3.55,-0.04,0
2025-10-14,Alta,Baixa,-3.58,0.54,1
2025-10-15,Alta,Alta,-3.42,-0.23,0
2025-10-16,Baixa,Baixa,-3.63,-0.58,0
2025-10-17,Baixa,Baixa,-2.88,-0.25,0
2025-10-20,Baixa,Baixa,-1.94,0.34,1
2025-10-21,Baixa,Baixa,-0.98,-0.19,0
2025-10-22,Baixa,Baixa,-0.20,-0.39,0
2025-10-23,Baixa,Baixa,0.40,0.43,1
2025-10-24,Alta,Baixa,0.40,0.31,2
2025-10-27,Baixa,Baixa,0.00,-0.50,0
2025-10-28,Baixa,Baixa,-0.39,-0.20,0
2025-10-29,Alta,Baixa,-0.59,0.32,1
2025-10-30,Baixa,Baixa,-0.39,-0.14,0
2025-10-31,Alta,Baixa,-0.59,0.67,1
2025-11-03,Alta,Alta,-0.59,0.37,2
2025-11-04,Baixa,Baixa,-0.40,-0.27,0
2025-11-05,Baixa,Baixa,-0.79,-0.43,0
2025-11-06,Alta,Alta,-0.59,0.70,1
2025-11-07,Alta,Alta,-0.20,-0.09,0
2025-11-10,Alta,Alta,0.40,0.51,1
2025-11-11,Alta,Alta,0.80,0.12,2
2025-11-12,Alta,Alta,1.40,-0.43,0
2025-11-13,Baixa,Alta,1.59,-0.58,0
2025-11-14,Baixa,Alta,1.59,0.14,1
2025-11-17,Baixa,Alta,1.39,-0.75,0
2025-11-18,Baixa,Baixa,0.99,-0.38,0
2025-11-19,Baixa,Baixa,0.79,-0.83,0
2025-11-20,Baixa,Baixa,0.20,-0.95,0
2025-11-21,Baixa,Baixa,0.00,0.36,1
2025-11-24,Baixa,Baixa,-0.20,-0.09,0
2025-11-25,Alta,Baixa,-0.20,0.75,1
2025-11-26,Alta,Baixa,-0.20,0.35,2
2025-11-28,Alta,Baixa,0.00,0.47,3
2025-12-01,Baixa,Baixa,0.00,-0.93,0
2025-12-02,Baixa,Baixa,-0.20,-0.09,0
2025-12-03,Alta,Baixa,-0.20,0.69,1
2025-12-04,Alta,Baixa,-0.39,-0.25,0
2025-12-05,Baixa,Baixa,-0.39,-0.43,0
2025-12-08,Alta,Baixa,-0.39,-0.57,0
2025-12-09,Alta,Baixa,-0.20,0.22,1
2025-12-10,Baixa,Baixa,-0.20,-0.89,0
2025-12-11,Baixa,Baixa,0.00,0.17,1
2025-12-12,Baixa,Baixa,-0.20,-0.57,0
2025-12-15,Baixa,Baixa,-0.39,-0.29,0
2025-12-16,Baixa,Baixa,-0.39,0.13,1
2025-12-17,Baixa,Baixa,-0.39,-0.86,0
2025-12-18,Baixa,Baixa,-0.79,-0.58,0
2025-12-19,Baixa,Baixa,-0.79,0.09,1
2025-12-22,Alta,Baixa,-0.59,0.75,2
2025-12-23,Alta,Baixa,-0.79,-0.21,0
2025-12-24,Alta,Baixa,-0.79,0.45,1
2025-12-26,Alta,Baixa,-0.59,0.73,2
2025-12-29,Baixa,Baixa,-0.40,-0.13,0
2025-12-30,Baixa,Baixa,-0.60,-0.47,0
2025-12-31,Baixa,Baixa,-0.60,-0.52,0
2026-01-02,Baixa,Baixa,-0.60,0.25,1
2026-01-05,Alta,Baixa,-0.60,0.55,2
2026-01-06,Alta,Baixa,-0.60,0.59,3
2026-01-07,Alta,Baixa,-0.40,-0.06,0
2026-01-08,Alta,Alta,-0.20,0.76,1
2026-01-09,Alta,Alta,0.20,0.83,2
2026-01-12,Alta,Alta,0.80,0.89,3
2026-01-13,Alta,Alta,1.40,-0.12,0
2026-01-14,Alta,Alta,2.00,0.29,1
2026-01-15,Alta,Alta,2.81,0.29,2
2026-01-16,Alta,Alta,3.19,0.54,3
2026-01-20,Alta,Alta,3.58,-0.21,0
2026-01-21,Alta,Alta,3.75,0.44,1
2026-01-22,Alta,Alta,3.54,-0.49,0
2026-01-23,Alta,Alta,3.31,0.51,1
2026-01-26,Alta,Alta,3.09,0.63,2
2026-01-27,Alta,Alta,3.07,-0.29,0
2026-01-28,Baixa,Alta,2.86,-0.74,0
2026-01-29,Baixa,Alta,3.04,-0.28,0
2026-01-30,Baixa,Alta,3.02,-0.49,0
2026-02-02,Baixa,Alta,3.00,-0.20,0
2026-02-03,Baixa,Alta,2.61,-0.61,0
2026-02-04,Baixa,Alta,2.41,-0.90,0
2026-02-05,Baixa,Baixa,2.03,-0.74,0
2026-02-06,Baixa,Baixa,1.65,0.74,1
2026-02-09,Baixa,Baixa,1.28,-0.27,0
2026-02-10,Baixa,Baixa,1.09,0.00,0
2026-02-11,Baixa,Baixa,0.90,0.13,1
2026-02-12,Alta,Baixa,0.90,0.28,2
2026-02-13,Alta,Baixa,1.08,-0.41,0
2026-02-17,Alta,Alta,1.26,0.49,1
2026-02-18,Alta,Alta,1.44,-0.22,0
2026-02-19,Alta,Alta,1.79,0.42,1
2026-02-20,Alta,Alta,2.15,0.88,2
2026-02-23,Alta,Alta,2.32,0.87,3
2026-02-24,Alta,Alta,2.84,0.55,4
2026-02-25,Alta,Alta,3.36,0.16,5
2026-02-26,Alta,Alta,3.87,0.67,6
2026-02-27,Alta,Alta,4.20,0.12,7
2026-03-02,Alta,Alta,4.70,0.40,8
2026-03-03,Alta,Alta,4.84,0.27,9
2026-03-04,Alta,Alta,5.14,0.55,10
2026-03-05,Baixa,Alta,5.08,-0.27,0
2026-03-06,Baixa,Alta,4.87,-0.75,0
2026-03-09,Baixa,Alta,4.49,-0.06,0
2026-03-10,Baixa,Alta,3.95,-0.15,0
2026-03-11,Baixa,Alta,3.26,-0.02,0
2026-03-12,Baixa,Baixa,2.74,0.08,1
2026-03-13,Baixa,Baixa,2.56,-0.63,0
2026-03-16,Baixa,Baixa,2.39,0.08,1
2026-03-17,Alta,Alta,2.69,0.21,2
2026-03-18,Alta,Alta,2.84,-0.12,0
2026-03-19,Alta,Baixa,2.98,-0.16,0
2026-03-20,Baixa,Baixa,2.81,-0.34,0
2026-03-23,Baixa,Baixa,2.80,-0.13,0
2026-03-24,Baixa,Baixa,2.16,0.26,1
2026-03-25,Alta,Alta,1.53,0.45,2
2026-03-26,Baixa,Baixa,0.91,-0.45,0
2026-03-27,Baixa,Baixa,0.30,-0.31,0
2026-03-30,Baixa,Baixa,-0.45,-0.85,0
2026-03-31,Baixa,Baixa,-0.91,0.42,1
2026-04-01,Alta,Alta,-1.06,0.73,2
2026-04-02,Alta,Alta,-1.21,0.50,3
2026-04-06,Alta,Alta,-0.91,0.27,4
2026-04-07,Alta,Alta,-0.91,-0.71,0
2026-04-08,Baixa,Baixa,-1.22,-0.96,0
2026-04-09,Alta,Alta,-1.37,-0.52,0
2026-04-10,Baixa,Baixa,-1.53,-0.44,0
2026-04-13,Baixa,Baixa,-1.83,0.58,1
2026-04-14,Alta,Alta,-1.53,0.56,2
2026-04-15,Alta,Alta,-0.93,0.33,3
2026-04-16,Alta,Alta,-0.46,-0.24,0
2026-04-17,Baixa,Alta,0.16,-0.39,0
2026-04-20,Baixa,Baixa,0.93,-0.52,0
2026-04-21,Baixa,Baixa,1.09,-0.15,0
2026-04-22,Baixa,Baixa,1.40,-0.39,0
2026-04-23,Baixa,Baixa,1.56,-0.67,0
2026-04-24,Baixa,Baixa,1.40,0.39,1
2026-04-27,Baixa,Baixa,1.08,-0.07,0
2026-04-28,Baixa,Baixa,1.08,0.26,1
2026-04-29,Baixa,Baixa,0.77,-0.05,0
2026-04-30,Alta,Baixa,0.61,0.48,1
2026-05-01,Alta,Alta,0.61,0.08,2
2026-05-04,Alta,Alta,0.61,-0.02,0
2026-05-05,Alta,Alta,0.61,0.20,1
2026-05-06,Alta,Alta,0.46,-0.98,0
2026-05-07,Baixa,Baixa,0.00,-0.45,0
2026-05-08,Baixa,Baixa,-0.61,0.43,1
2026-05-11,Baixa,Alta,-1.06,0.55,2
2026-05-12,Alta,Alta,-1.52,0.22,3
2026-05-13,Baixa,Baixa,-1.82,-0.73,0
2026-05-14,Baixa,Baixa,-1.98,0.19,1
2026-05-15,Baixa,Baixa,-1.83,0.00,0
2026-05-18,Baixa,Baixa,-1.84,-0.68,0
2026-05-19,Baixa,Baixa,-1.85,0.24,1
2026-05-20,Baixa,Baixa,-1.39,0.62,2
2026-05-21,Baixa,Baixa,-1.09,-0.05,0
2026-05-22,Alta,Alta,-0.62,0.86,1
2026-05-26,Alta,Alta,0.47,0.83,2
2026-05-27,Alta,Alta,1.72,0.28,3
2026-05-28,Alta,Alta,2.51,0.00,0
2026-05-29,Alta,Alta,3.61,0.48,1
2026-06-01,Alta,Alta,4.55,0.34,2
2026-06-02,Alta,Alta,4.82,-0.42,0
2026-06-03,Alta,Alta,4.93,0.62,1
2026-06-04,Alta,Alta,5.35,0.20,2
2026-06-05,Baixa,Alta,5.00,-0.82,0
2026-06-08,Baixa,Alta,4.95,0.71,1
2026-06-09,Baixa,Alta,4.90,-0.09,0
2026-06-10,Alta,Alta,5.14,0.44,1
2026-06-11,Alta,Alta,5.08,0.36,2
2026-06-12,Alta,Alta,5.48,0.12,3
2026-06-15,Baixa,Alta,5.14,-0.94,0
2026-06-16,Baixa,Alta,4.53,-0.48,0
2026-06-17,Baixa,Alta,3.77,0.17,1
2026-06-18,Baixa,Alta,3.31,-0.31,0
2026-06-22,Baixa,Alta,2.74,-0.42,0
2026-06-23,Baixa,Alta,2.58,0.61,1
