Date,Tendencia_7d,Tendencia_50d,Forca_Tendencia,Forca_Movimento,Velas_Alta_Consecutivas
2000-01-03,Baixa,Baixa,,-0.56,0
2000-01-04,Baixa,Baixa,,-0.57,0
2000-01-05,Alta,Alta,,0.89,1
2000-01-06,Baixa,Baixa,,-0.77,0
2000-01-07,Alta,Alta,,0.90,1
2000-01-10,Alta,Alta,-4.53,-0.27,0
2000-01-11,Baixa,Baixa,1.55,-0.52,0
2000-01-12,Alta,Alta,1.57,1.00,1
2000-01-13,Baixa,Alta,2.73,-0.67,0
2000-01-14,Baixa,Baixa,1.13,-0.68,0
2000-01-18,Baixa,Baixa,-0.77,-0.63,0
2000-01-19,Baixa,Baixa,-1.25,-0.66,0
2000-01-20,Alta,Baixa,-2.25,0.77,1
2000-01-21,Baixa,Baixa,-2.59,-0.95,0
2000-01-24,Baixa,Baixa,-2.92,-0.60,0
2000-01-25,Baixa,Baixa,-2.97,-0.03,0
2000-01-26,Baixa,Baixa,-2.31,0.62,1
2000-01-27,Alta,Baixa,-2.50,-0.87,0
2000-01-28,Alta,Alta,-2.15,0.95,1
2000-01-31,Alta,Alta,-1.21,0.27,2
2000-02-01,Alta,Baixa,-0.48,-0.72,0
2000-02-02,Alta,Baixa,-0.13,-0.51,0
2000-02-03,Alta,Alta,0.23,0.77,1
2000-02-04,Alta,Alta,0.45,-0.43,0
2000-02-07,Alta,Alta,0.55,0.22,1
2000-02-08,Alta,Alta,1.62,0.98,2
2000-02-09,Alta,Alta,2.17,-0.94,0
2000-02-10,Alta,Alta,2.68,0.13,1
2000-02-11,Alta,Alta,2.97,-0.41,0
2000-02-14,Alta,Alta,3.28,-0.25,0
2000-02-15,Baixa,Alta,2.67,-0.19,0
2000-02-16,Baixa,Alta,2.63,0.68,1
2000-02-17,Alta,Alta,2.49,0.29,2
2000-02-18,Baixa,Alta,2.35,-0.57,0
2000-02-22,Baixa,Alta,2.15,-0.19,0
2000-02-23,Baixa,Alta,1.95,-0.50,0
2000-02-24,Baixa,Alta,1.67,-0.66,0
2000-02-25,Baixa,Baixa,1.17,-0.57,0
2000-02-28,Baixa,Baixa,0.70,-0.38,0
2000-02-29,Alta,Alta,0.55,1.00,1
2000-03-01,Alta,Alta,0.40,-0.21,0
2000-03-02,Alta,Alta,0.36,0.05,1
2000-03-03,Baixa,Alta,0.46,-0.83,0
2000-03-06,Alta,Alta,0.61,0.18,1
2000-03-07,Alta,Alta,0.61,0.47,2
2000-03-08,Alta,Alta,0.73,-0.23,0
2000-03-09,Alta,Alta,0.88,0.61,1
2000-03-10,Baixa,Alta,0.91,-0.95,0
2000-03-13,Baixa,Alta,0.85,-0.90,0
2000-03-14,Baixa,Alta,0.78,0.23,1
2000-03-15,Baixa,Alta,0.57,-0.59,0
2000-03-16,Baixa,Alta,0.60,-0.88,0
2000-03-17,Baixa,Baixa,0.51,-0.89,0
2000-03-20,Baixa,Alta,0.69,0.40,1
2000-03-21,Alta,Alta,0.66,0.88,2
2000-03-22,Alta,Alta,0.69,-0.10,0
2000-03-23,Alta,Alta,0.92,0.06,1
2000-03-24,Alta,Alta,1.31,-0.04,0
2000-03-27,Alta,Alta,1.55,-0.92,0
2000-03-28,Baixa,Alta,1.81,-0.95,0
2000-03-29,Baixa,Alta,2.17,-0.03,0
2000-03-30,Baixa,Baixa,1.95,-0.81,0
2000-03-31,Baixa,Alta,1.74,0.54,1
2000-04-03,Baixa,Baixa,1.41,-0.88,0
2000-04-04,Baixa,Baixa,1.17,-0.54,0
2000-04-05,Baixa,Baixa,0.90,0.91,1
2000-04-06,Baixa,Baixa,0.64,-0.40,0
2000-04-07,Baixa,Baixa,0.43,-0.22,0
2000-04-10,Baixa,Baixa,0.26,-0.59,0
2000-04-11,Baixa,Baixa,-0.09,-0.96,0
2000-04-12,Baixa,Baixa,-0.46,-0.69,0
2000-04-13,Baixa,Baixa,-0.75,-0.26,0
2000-04-14,Baixa,Baixa,-1.12,-0.42,0
2000-04-17,Baixa,Baixa,-1.50,0.81,1
2000-04-18,Alta,Baixa,-1.50,0.99,2
2000-04-19,Alta,Baixa,-2.00,-1.00,0
2000-04-20,Alta,Baixa,-2.26,-0.29,0
2000-04-24,Baixa,Baixa,-2.56,-0.47,0
2000-04-25,Alta,Baixa,-2.72,0.56,1
2000-04-26,Alta,Baixa,-3.08,0.14,2
2000-04-27,Alta,Baixa,-2.86,0.76,3
2000-04-28,Alta,Baixa,-2.91,-0.42,0
2000-05-01,Alta,Baixa,-2.84,0.17,1
2000-05-02,Alta,Baixa,-2.83,-0.82,0
2000-05-03,Baixa,Baixa,-2.90,-0.94,0
2000-05-04,Baixa,Baixa,-3.07,-0.95,0
2000-05-05,Baixa,Baixa,-3.03,0.48,1
2000-05-08,Alta,Baixa,-2.77,0.80,2
2000-05-09,Alta,Baixa,-2.47,1.00,3
2000-05-10,Baixa,Baixa,-2.40,-0.80,0
2000-05-11,Baixa,Baixa,-2.35,-0.61,0
2000-05-12,Baixa,Baixa,-2.49,0.18,1
2000-05-15,Baixa,Baixa,-2.78,-0.33,0
2000-05-16,Baixa,Baixa,-3.08,1.00,1
2000-05-17,Baixa,Baixa,-3.25,-0.91,0
2000-05-18,Baixa,Baixa,-3.44,0.18,1
2000-05-19,Baixa,Baixa,-3.88,-0.86,0
2000-05-22,Baixa,Baixa,-4.36,-0.73,0
2000-05-23,Baixa,Baixa,-4.81,-0.27,0
2000-05-24,Baixa,Baixa,-5.11,0.83,1
2000-05-25,Alta,Baixa,-5.25,0.65,2
2000-05-26,Alta,Baixa,-5.11,-0.59,0
2000-05-30,Alta,Baixa,-4.76,0.93,1
2000-05-31,Alta,Baixa,-4.61,-0.89,0
2000-06-01,Alta,Baixa,-4.45,0.36,1
2000-06-02,Alta,Baixa,-4.42,0.39,2
2000-06-05,Alta,Baixa,-4.61,0.93,3
2000-06-06,Alta,Baixa,-5.21,-0.48,0
2000-06-07,Alta,Baixa,-5.55,0.18,1
2000-06-08,Alta,Baixa,-5.57,0.80,2
2000-06-09,Alta,Baixa,-5.62,-0.60,0
2000-06-12,Baixa,Baixa,-5.27,-1.00,0
2000-06-13,Baixa,Baixa,-4.90,-0.57,0
2000-06-14,Baixa,Baixa,-4.43,1.00,1
2000-06-15,Alta,Baixa,-3.97,0.57,2
2000-06-16,Baixa,Baixa,-3.58,-0.27,0
2000-06-19,Baixa,Baixa,-3.37,-0.79,0
2000-06-20,Baixa,Baixa,-3.05,-0.96,0
2000-06-21,Baixa,Baixa,-2.91,0.60,1
2000-06-22,Baixa,Baixa,-2.97,-0.77,0
2000-06-23,Baixa,Baixa,-2.91,-0.73,0
2000-06-26,Baixa,Baixa,-2.96,0.23,1
2000-06-27,Baixa,Baixa,-2.86,-0.73,0
2000-06-28,Baixa,Baixa,-2.88,-0.11,0
2000-06-29,Baixa,Baixa,-3.31,-0.91,0
2000-06-30,Baixa,Baixa,-3.62,-0.36,0
2000-07-03,Baixa,Baixa,-3.72,-1.00,0
2000-07-05,Alta,Baixa,-3.83,-0.03,0
2000-07-06,Alta,Baixa,-3.94,0.50,1
2000-07-07,Alta,Baixa,-3.68,0.82,2
2000-07-10,Alta,Baixa,-3.58,0.00,0
2000-07-11,Alta,Baixa,-3.56,0.50,1
2000-07-12,Alta,Baixa,-3.63,0.28,2
2000-07-13,Alta,Baixa,-3.57,-0.82,0
2000-07-14,Alta,Baixa,-3.42,-0.46,0
2000-07-17,Baixa,Baixa,-3.26,-0.79,0
2000-07-18,Baixa,Baixa,-3.29,-0.73,0
2000-07-19,Baixa,Baixa,-3.45,-0.27,0
2000-07-20,Baixa,Baixa,-3.66,0.48,1
2000-07-21,Baixa,Baixa,-3.91,-0.80,0
2000-07-24,Baixa,Baixa,-3.93,0.21,1
2000-07-25,Alta,Baixa,-3.77,0.64,2
2000-07-26,Alta,Baixa,-3.34,0.28,3
2000-07-27,Alta,Baixa,-2.94,0.42,4
2000-07-28,Alta,Alta,-2.53,0.31,5
2000-07-31,Alta,Alta,-2.12,0.79,6
2000-08-01,Alta,Alta,-1.50,-0.45,0
2000-08-02,Alta,Alta,-0.58,0.79,1
2000-08-03,Alta,Alta,0.29,-0.74,0
2000-08-04,Alta,Alta,1.08,1.00,1
2000-08-07,Alta,Alta,1.47,0.00,0
2000-08-08,Baixa,Alta,1.62,-0.34,0
2000-08-09,Alta,Alta,1.37,0.70,1
2000-08-10,Alta,Alta,1.22,0.00,0
2000-08-11,Alta,Alta,1.12,0.88,1
2000-08-14,Alta,Alta,1.31,0.57,2
2000-08-15,Alta,Alta,1.16,-0.62,0
2000-08-16,Alta,Alta,1.21,0.64,1
2000-08-17,Alta,Alta,1.20,0.82,2
2000-08-18,Baixa,Alta,0.96,-1.00,0
2000-08-21,Baixa,Alta,0.53,-0.50,0
2000-08-22,Baixa,Alta,0.48,0.39,1
2000-08-23,Baixa,Alta,0.43,-0.64,0
2000-08-24,Alta,Alta,0.38,0.91,1
2000-08-25,Alta,Alta,0.52,-0.89,0
2000-08-28,Alta,Alta,0.71,-0.73,0
2000-08-29,Alta,Alta,0.90,-0.58,0
2000-08-30,Baixa,Alta,0.95,-0.93,0
2000-08-31,Baixa,Alta,0.90,-0.89,0
2000-09-01,Alta,Alta,1.04,1.00,1
2000-09-05,Baixa,Alta,1.13,-0.93,0
2000-09-06,Baixa,Alta,1.37,0.57,1
2000-09-07,Baixa,Alta,1.60,-0.60,0
2000-09-08,Baixa,Alta,1.88,-0.42,0
2000-09-11,Baixa,Baixa,1.97,-0.61,0
2000-09-12,Baixa,Baixa,2.01,-0.64,0
2000-09-13,Baixa,Baixa,1.53,-0.29,0
2000-09-14,Baixa,Baixa,1.06,-0.31,0
2000-09-15,Baixa,Baixa,0.60,-0.73,0
2000-09-18,Baixa,Baixa,-0.18,-0.81,0
2000-09-19,Baixa,Baixa,-0.82,-0.23,0
2000-09-20,Baixa,Baixa,-1.19,-0.06,0
2000-09-21,Baixa,Baixa,-1.74,-0.85,0
2000-09-22,Baixa,Baixa,-2.15,1.00,1
2000-09-25,Alta,Baixa,-2.16,0.30,2
2000-09-26,Baixa,Baixa,-2.26,-1.00,0
2000-09-27,Alta,Baixa,-2.18,0.00,0
2000-09-28,Alta,Baixa,-1.77,0.93,1
2000-09-29,Alta,Baixa,-1.55,-0.48,0
2000-10-02,Alta,Baixa,-1.32,-0.24,0
2000-10-03,Alta,Baixa,-0.99,0.00,0
2000-10-04,Baixa,Baixa,-1.04,-0.63,0
2000-10-05,Baixa,Baixa,-1.33,-0.93,0
2000-10-06,Baixa,Baixa,-1.57,-0.26,0
2000-10-09,Baixa,Baixa,-2.00,-0.67,0
2000-10-10,Alta,Baixa,-2.48,0.64,1
2000-10-11,Baixa,Baixa,-2.78,-0.92,0
2000-10-12,Baixa,Baixa,-3.27,-0.88,0
2000-10-13,Baixa,Baixa,-3.58,0.95,1
2000-10-16,Baixa,Baixa,-3.89,-1.00,0
2000-10-17,Baixa,Baixa,-4.21,-0.84,0
2000-10-18,Baixa,Baixa,-4.48,-0.36,0
2000-10-19,Alta,Baixa,-4.57,0.93,1
2000-10-20,Alta,Baixa,-4.66,0.83,2
2000-10-23,Alta,Baixa,-4.81,-0.63,0
2000-10-24,Alta,Baixa,-4.95,0.58,1
2000-10-25,Alta,Baixa,-5.05,-1.00,0
2000-10-26,Alta,Baixa,-5.16,-0.11,0
2000-10-27,Alta,Baixa,-5.31,0.81,1
2000-10-30,Alta,Baixa,-5.21,-0.86,0
2000-10-31,Alta,Baixa,-4.94,0.45,1
2000-11-01,Baixa,Baixa,-4.83,-0.90,0
2000-11-02,Alta,Baixa,-4.56,1.00,1
2000-11-03,Baixa,Baixa,-4.66,-0.87,0
2000-11-06,Baixa,Baixa,-4.82,0.00,0
2000-11-07,Alta,Baixa,-5.03,0.33,1
2000-11-08,Alta,Baixa,-5.14,0.35,2
2000-11-09,Baixa,Baixa,-5.30,-0.91,0
2000-11-10,Baixa,Baixa,-5.18,-0.76,0
2000-11-13,Baixa,Baixa,-5.36,-0.81,0
2000-11-14,Baixa,Baixa,-5.36,0.92,1
2000-11-15,Baixa,Baixa,-5.42,-1.00,0
2000-11-16,Baixa,Baixa,-5.41,-0.67,0
2000-11-17,Baixa,Baixa,-5.41,-0.50,0
2000-11-20,Baixa,Baixa,-5.10,-1.00,0
2000-11-21,Baixa,Baixa,-5.03,-0.73,0
2000-11-22,Baixa,Baixa,-4.52,-0.92,0
2000-11-24,Baixa,Baixa,-4.24,-0.25,0
2000-11-27,Baixa,Baixa,-3.77,0.38,1
2000-11-28,Baixa,Baixa,-3.21,-0.74,0
2000-11-29,Baixa,Baixa,-2.65,-1.00,0
2000-11-30,Baixa,Baixa,-2.73,-1.00,0
2000-12-01,Baixa,Baixa,-2.48,0.27,1
2000-12-04,Baixa,Baixa,-2.50,-0.38,0
2000-12-05,Alta,Baixa,-2.57,0.92,1
2000-12-06,Alta,Baixa,-2.45,-1.00,0
2000-12-07,Alta,Baixa,-2.12,-0.35,0
2000-12-08,Alta,Baixa,-2.06,0.94,1
2000-12-11,Alta,Baixa,-1.80,0.58,2
2000-12-12,Alta,Baixa,-1.67,-0.52,0
2000-12-13,Alta,Baixa,-1.74,0.00,0
2000-12-14,Alta,Baixa,-1.68,-0.80,0
2000-12-15,Baixa,Baixa,-1.55,-0.69,0
2000-12-18,Baixa,Baixa,-1.55,0.14,1
2000-12-19,Baixa,Baixa,-1.41,-0.58,0
2000-12-20,Baixa,Baixa,-1.49,-0.94,0
2000-12-21,Baixa,Baixa,-1.49,0.14,1
2000-12-22,Baixa,Baixa,-1.36,-0.50,0
2000-12-26,Baixa,Baixa,-1.36,0.00,0
2000-12-27,Baixa,Baixa,-1.51,-0.87,0
2000-12-28,Baixa,Baixa,-1.37,0.19,1
2000-12-29,Alta,Baixa,-1.23,0.79,2
2001-01-02,Baixa,Baixa,-1.37,-0.31,0
2001-01-03,Alta,Baixa,-1.52,0.48,1
2001-01-04,Alta,Baixa,-1.46,1.00,2
2001-01-05,Alta,Baixa,-1.61,-0.37,0
2001-01-08,Alta,Baixa,-1.68,0.16,1
2001-01-09,Alta,Alta,-1.54,0.95,2
2001-01-10,Alta,Alta,-1.33,1.00,3
2001-01-11,Alta,Alta,-1.18,0.48,4
2001-01-12,Alta,Alta,-0.89,0.00,0
2001-01-16,Alta,Alta,-0.74,-0.91,0
2001-01-17,Alta,Alta,-0.75,0.23,1
2001-01-18,Alta,Alta,-0.60,0.00,0
2001-01-19,Baixa,Alta,-0.60,-0.88,0
2001-01-22,Baixa,Alta,-0.60,-0.35,0
2001-01-23,Alta,Alta,-0.67,0.66,1
2001-01-24,Alta,Alta,-0.60,0.00,0
2001-01-25,Alta,Alta,-0.53,-0.15,0
2001-01-26,Alta,Alta,-0.23,1.00,1
2001-01-29,Alta,Alta,0.00,-0.81,0
2001-01-30,Baixa,Alta,0.08,-0.62,0
2001-01-31,Baixa,Alta,0.08,0.16,1
2001-02-01,Alta,Alta,0.15,0.66,2
2001-02-02,Baixa,Alta,0.15,-0.40,0
2001-02-05,Baixa,Alta,0.15,-0.85,0
2001-02-06,Baixa,Alta,0.38,0.06,1
2001-02-07,Alta,Alta,0.68,0.76,2
2001-02-08,Alta,Alta,0.90,0.73,3
2001-02-09,Alta,Alta,1.13,-0.31,0
2001-02-12,Alta,Alta,1.50,0.89,1
2001-02-13,Alta,Alta,2.25,0.63,2
2001-02-14,Alta,Alta,2.70,-0.77,0
2001-02-15,Alta,Alta,3.21,0.65,1
2001-02-16,Baixa,Alta,3.13,-1.00,0
2001-02-20,Baixa,Alta,2.97,-0.90,0
2001-02-21,Baixa,Alta,2.42,-0.23,0
2001-02-22,Baixa,Baixa,1.75,-0.90,0
2001-02-23,Baixa,Baixa,0.87,-0.36,0
2001-02-26,Baixa,Baixa,0.51,-0.40,0
2001-02-27,Baixa,Baixa,0.00,-0.53,0
2001-02-28,Baixa,Baixa,-0.43,-0.33,0
2001-03-01,Baixa,Baixa,-0.36,0.47,1
2001-03-02,Baixa,Baixa,-0.29,0.10,2
2001-03-05,Alta,Baixa,-0.22,0.81,3
2001-03-06,Alta,Alta,0.36,1.00,4
2001-03-07,Alta,Alta,0.86,-0.47,0
2001-03-08,Alta,Alta,1.01,-0.41,0
2001-03-09,Alta,Alta,1.30,-0.46,0
2001-03-12,Baixa,Baixa,1.51,-0.82,0
2001-03-13,Alta,Alta,1.58,0.87,1
2001-03-14,Baixa,Baixa,1.29,0.00,0
2001-03-15,Baixa,Baixa,1.28,0.37,1
2001-03-16,Baixa,Baixa,1.14,-0.80,0
2001-03-19,Alta,Baixa,1.06,0.95,1
2001-03-20,Alta,Baixa,0.78,0.40,2
2001-03-21,Baixa,Baixa,0.63,-0.97,0
2001-03-22,Baixa,Baixa,0.28,-0.68,0
2001-03-23,Baixa,Baixa,-0.07,0.45,1
2001-03-26,Baixa,Baixa,-0.56,-0.42,0
2001-03-27,Baixa,Baixa,-1.12,-1.00,0
2001-03-28,Baixa,Baixa,-1.47,-1.00,0
2001-03-29,Baixa,Baixa,-1.75,-1.00,0
2001-03-30,Baixa,Baixa,-2.04,-0.54,0
2001-04-02,Baixa,Baixa,-2.26,-0.56,0
2001-04-03,Baixa,Baixa,-2.34,-0.38,0
2001-04-04,Baixa,Baixa,-2.56,-0.72,0
2001-04-05,Baixa,Baixa,-2.71,0.39,1
2001-04-06,Baixa,Baixa,-2.80,-0.60,0
2001-04-09,Baixa,Baixa,-2.96,-0.43,0
2001-04-10,Baixa,Baixa,-3.12,-0.10,0
2001-04-11,Alta,Baixa,-2.92,1.00,1
2001-04-12,Alta,Baixa,-2.72,0.69,2
2001-04-16,Alta,Baixa,-2.51,-1.00,0
2001-04-17,Alta,Baixa,-2.23,-0.31,0
2001-04-18,Alta,Baixa,-1.80,0.78,1
2001-04-19,Alta,Baixa,-1.73,0.09,2
2001-04-20,Baixa,Baixa,-1.74,-0.45,0
2001-04-23,Baixa,Baixa,-1.82,-0.64,0
2001-04-24,Baixa,Baixa,-1.83,0.76,1
2001-04-25,Alta,Baixa,-2.06,0.97,2
2001-04-26,Alta,Baixa,-2.22,0.15,3
2001-04-27,Alta,Baixa,-2.30,0.33,4
2001-04-30,Alta,Alta,-2.24,0.29,5
2001-05-01,Alta,Alta,-2.02,1.00,6
2001-05-02,Alta,Alta,-1.71,0.07,7
2001-05-03,Baixa,Baixa,-1.49,-0.90,0
2001-05-04,Alta,Alta,-1.18,0.73,1
2001-05-07,Alta,Alta,-0.79,-0.17,0
2001-05-08,Alta,Alta,-0.47,0.82,1
2001-05-09,Baixa,Alta,-0.32,-0.72,0
2001-05-10,Baixa,Baixa,-0.16,-1.00,0
2001-05-11,Baixa,Baixa,-0.08,0.53,1
2001-05-14,Baixa,Baixa,-0.16,-0.24,0
2001-05-15,Baixa,Baixa,-0.32,0.00,0
2001-05-16,Alta,Alta,-0.64,0.92,1
2001-05-17,Alta,Alta,-0.95,-1.00,0
2001-05-18,Alta,Alta,-1.11,0.50,1
2001-05-21,Baixa,Alta,-1.27,-0.26,0
2001-05-22,Baixa,Alta,-1.28,1.00,1
2001-05-23,Baixa,Alta,-1.28,0.00,0
2001-05-24,Baixa,Baixa,-1.12,0.00,0
2001-05-25,Baixa,Alta,-1.05,0.00,0
2001-05-29,Baixa,Alta,-0.97,0.00,0
2001-05-30,Alta,Alta,-0.89,0.97,1
2001-05-31,Alta,Alta,-0.49,0.19,2
2001-06-01,Alta,Alta,0.08,0.74,3
2001-06-04,Alta,Alta,0.65,0.07,4
2001-06-05,Alta,Alta,1.14,-0.12,0
2001-06-06,Alta,Alta,1.47,-0.94,0
2001-06-07,Baixa,Alta,1.71,-0.17,0
2001-06-08,Baixa,Alta,1.70,0.50,1
2001-06-11,Baixa,Alta,1.70,0.43,2
2001-06-12,Baixa,Alta,1.77,0.50,3
2001-06-13,Alta,Alta,1.93,0.94,4
2001-06-14,Baixa,Alta,2.16,0.24,5
2001-06-15,Baixa,Alta,2.39,1.00,6
2001-06-18,Baixa,Alta,2.38,0.48,7
2001-06-19,Baixa,Alta,2.45,0.55,8
2001-06-20,Baixa,Alta,2.36,1.00,9
2001-06-21,Baixa,Alta,2.27,1.00,10
2001-06-22,Alta,Alta,2.10,0.74,11
2001-06-25,Baixa,Baixa,1.79,-0.26,0
2001-06-26,Baixa,Alta,1.47,1.00,1
2001-06-27,Baixa,Alta,1.31,0.58,2
2001-06-28,Baixa,Alta,1.00,0.44,3
2001-06-29,Alta,Alta,0.84,0.85,4
2001-07-02,Alta,Alta,0.99,0.10,5
2001-07-03,Baixa,Baixa,1.07,-0.86,0
2001-07-05,Baixa,Baixa,0.99,-0.76,0
2001-07-06,Baixa,Baixa,0.76,-0.20,0
2001-07-09,Baixa,Baixa,0.61,0.62,1
2001-07-10,Baixa,Baixa,0.38,-0.35,0
2001-07-11,Baixa,Baixa,0.00,-0.84,0
2001-07-12,Baixa,Baixa,-0.30,0.96,1
2001-07-13,Alta,Baixa,-0.23,0.91,2
2001-07-16,Alta,Baixa,-0.23,-0.80,0
2001-07-17,Alta,Baixa,-0.23,0.33,1
2001-07-18,Alta,Baixa,-0.15,-0.51,0
2001-07-19,Alta,Baixa,-0.08,-0.18,0
2001-07-20,Alta,Baixa,-0.08,0.64,1
2001-07-23,Alta,Baixa,0.00,0.44,2
2001-07-24,Baixa,Baixa,0.08,-0.76,0
2001-07-25,Baixa,Baixa,0.15,0.50,1
2001-07-26,Baixa,Baixa,0.23,-0.62,0
2001-07-27,Baixa,Baixa,0.00,-0.72,0
2001-07-30,Baixa,Baixa,-0.23,0.18,1
2001-07-31,Baixa,Baixa,-0.38,0.57,2
2001-08-01,Alta,Baixa,-0.38,0.62,3
2001-08-02,Alta,Baixa,-0.38,1.00,4
2001-08-03,Alta,Baixa,-0.15,0.04,5
2001-08-06,Alta,Baixa,-0.08,-0.78,0
2001-08-07,Alta,Baixa,0.00,0.58,1
2001-08-08,Alta,Baixa,0.08,0.11,2
2001-08-09,Alta,Baixa,-0.23,-0.10,0
2001-08-10,Alta,Baixa,-0.45,0.66,1
2001-08-13,Alta,Baixa,-0.83,-0.71,0
2001-08-14,Alta,Baixa,-1.13,0.78,1
2001-08-15,Alta,Baixa,-1.59,0.61,2
2001-08-16,Baixa,Baixa,-1.59,-0.50,0
2001-08-17,Baixa,Baixa,-1.67,-0.60,0
2001-08-20,Alta,Baixa,-1.53,0.72,1
2001-08-21,Alta,Alta,-1.30,1.00,2
2001-08-22,Alta,Alta,-0.77,-0.41,0
2001-08-23,Alta,Alta,-0.46,0.03,1
2001-08-24,Alta,Alta,0.00,0.39,2
2001-08-27,Alta,Alta,0.62,0.98,3
2001-08-28,Alta,Alta,0.85,-0.99,0
2001-08-29,Baixa,Alta,0.93,-0.25,0
2001-08-30,Baixa,Alta,1.08,-0.50,0
2001-08-31,Baixa,Alta,1.00,-0.02,0
2001-09-04,Baixa,Alta,0.77,0.67,1
2001-09-05,Alta,Alta,0.92,0.86,2
2001-09-06,Baixa,Alta,0.92,-0.85,0
2001-09-07,Baixa,Alta,0.92,-0.15,0
2001-09-10,Baixa,Alta,0.92,-0.93,0
2001-09-17,Baixa,Baixa,0.69,-0.77,0
2001-09-18,Baixa,Baixa,0.30,-0.82,0
2001-09-19,Baixa,Baixa,0.08,0.40,1
2001-09-20,Baixa,Baixa,0.00,-0.18,0
2001-09-21,Baixa,Baixa,0.00,0.55,1
2001-09-24,Baixa,Baixa,0.15,0.10,2
2001-09-25,Alta,Alta,0.38,1.00,3
2001-09-26,Baixa,Baixa,0.61,-0.88,0
2001-09-27,Alta,Alta,0.68,0.42,1
2001-09-28,Alta,Alta,0.68,-0.30,0
2001-10-01,Baixa,Baixa,0.61,-1.00,0
2001-10-02,Alta,Alta,0.45,0.67,1
2001-10-03,Alta,Alta,0.38,0.91,2
2001-10-04,Alta,Alta,0.38,-0.71,0
2001-10-05,Alta,Alta,0.38,0.47,1
2001-10-08,Baixa,Alta,0.45,-0.61,0
2001-10-09,Alta,Alta,0.60,0.48,1
2001-10-10,Alta,Alta,0.83,0.97,2
2001-10-11,Alta,Alta,1.05,-0.33,0
2001-10-12,Alta,Alta,1.43,0.50,1
2001-10-15,Alta,Alta,1.87,0.42,2
2001-10-16,Alta,Alta,2.25,0.33,3
2001-10-17,Alta,Alta,2.31,-0.22,0
2001-10-18,Alta,Alta,2.38,0.85,1
2001-10-19,Alta,Alta,2.37,0.00,0
2001-10-22,Alta,Alta,2.35,0.40,1
2001-10-23,Baixa,Alta,2.27,-0.96,0
2001-10-24,Baixa,Alta,2.26,-0.57,0
2001-10-25,Baixa,Alta,2.25,0.33,1
2001-10-26,Alta,Alta,2.31,0.76,2
2001-10-29,Alta,Alta,2.37,0.61,3
2001-10-30,Alta,Alta,2.51,0.00,0
2001-10-31,Alta,Alta,2.57,0.00,0
2001-11-01,Alta,Alta,2.70,0.03,1
2001-11-02,Alta,Alta,2.75,-0.86,0
2001-11-05,Alta,Alta,2.67,0.81,1
2001-11-06,Alta,Alta,2.58,0.90,2
2001-11-07,Alta,Alta,2.57,0.78,3
2001-11-08,Alta,Alta,2.63,0.53,4
2001-11-09,Alta,Alta,2.75,0.56,5
2001-11-12,Alta,Alta,2.94,0.38,6
2001-11-13,Alta,Alta,3.34,0.19,7
2001-11-14,Baixa,Alta,3.46,-0.79,0
2001-11-15,Baixa,Alta,3.30,-0.50,0
2001-11-16,Baixa,Alta,3.08,-0.39,0
2001-11-19,Baixa,Alta,2.99,0.88,1
2001-11-20,Alta,Alta,2.96,0.60,2
2001-11-21,Alta,Alta,3.08,-0.71,0
2001-11-23,Alta,Alta,3.78,0.77,1
2001-11-26,Alta,Alta,4.35,-0.48,0
2001-11-27,Baixa,Alta,4.71,-0.73,0
2001-11-28,Baixa,Alta,4.67,0.00,0
2001-11-29,Baixa,Alta,4.83,0.51,1
2001-11-30,Alta,Alta,4.71,0.27,2
2001-12-03,Alta,Alta,4.66,0.00,0
2001-12-04,Alta,Alta,4.81,0.15,1
2001-12-05,Alta,Alta,5.13,0.58,2
2001-12-06,Alta,Alta,5.33,-0.30,0
2001-12-07,Baixa,Alta,5.28,-0.47,0
2001-12-10,Baixa,Alta,5.17,0.58,1
2001-12-11,Baixa,Alta,4.94,-0.69,0
2001-12-12,Baixa,Alta,4.59,-0.50,0
2001-12-13,Baixa,Alta,4.20,-0.87,0
2001-12-14,Baixa,Alta,3.76,0.35,1
2001-12-17,Baixa,Alta,3.56,0.61,2
2001-12-18,Baixa,Alta,3.42,-0.25,0
2001-12-19,Baixa,Alta,3.28,0.52,1
2001-12-20,Alta,Alta,3.20,0.72,2
2001-12-21,Alta,Alta,3.24,0.00,0
2001-12-24,Alta,Alta,3.22,0.32,1
2001-12-26,Alta,Alta,3.09,1.00,2
2001-12-27,Alta,Alta,3.12,0.24,3
2001-12-28,Alta,Alta,3.16,0.05,4
2001-12-31,Alta,Alta,3.14,-0.52,0
2002-01-02,Alta,Alta,3.17,0.46,1
2002-01-03,Alta,Alta,3.21,0.58,2
2002-01-04,Alta,Alta,3.29,-0.09,0
2002-01-07,Alta,Alta,3.48,0.34,1
2002-01-08,Alta,Alta,3.66,-0.93,0
2002-01-09,Baixa,Alta,3.59,-0.33,0
2002-01-10,Alta,Alta,3.56,0.54,1
2002-01-11,Alta,Alta,3.54,0.86,2
2002-01-14,Alta,Alta,3.41,-0.70,0
2002-01-15,Baixa,Alta,3.28,-0.34,0
2002-01-16,Alta,Alta,3.31,0.52,1
2002-01-17,Alta,Alta,3.44,0.83,2
2002-01-18,Alta,Alta,3.32,-0.46,0
2002-01-22,Alta,Alta,3.20,-0.17,0
2002-01-23,Alta,Alta,3.13,0.84,1
2002-01-24,Alta,Alta,2.97,0.44,2
2002-01-25,Alta,Alta,2.66,-0.05,0
2002-01-28,Alta,Alta,2.31,0.23,1
2002-01-29,Baixa,Alta,2.21,-0.18,0
2002-01-30,Baixa,Alta,2.24,0.15,1
2002-01-31,Alta,Alta,2.51,0.77,2
2002-02-01,Baixa,Alta,2.55,-0.29,0
2002-02-04,Baixa,Alta,2.49,-0.80,0
2002-02-05,Baixa,Alta,2.30,0.02,1
2002-02-06,Baixa,Alta,1.64,-0.60,0
2002-02-07,Baixa,Alta,0.91,0.47,1
2002-02-08,Baixa,Alta,0.68,0.38,2
2002-02-11,Alta,Alta,0.81,0.46,3
2002-02-12,Alta,Alta,0.81,-0.64,0
2002-02-13,Alta,Alta,1.08,-0.08,0
2002-02-14,Alta,Alta,1.26,-0.23,0
2002-02-15,Baixa,Alta,1.12,-0.89,0
2002-02-19,Baixa,Alta,0.71,-0.47,0
2002-02-20,Alta,Alta,0.53,0.86,1
2002-02-21,Alta,Alta,0.58,0.00,0
2002-02-22,Alta,Alta,0.71,0.93,1
2002-02-25,Alta,Alta,1.02,0.23,2
2002-02-26,Alta,Alta,1.46,-0.11,0
2002-02-27,Alta,Alta,1.86,-0.60,0
2002-02-28,Baixa,Alta,2.08,-0.02,0
2002-03-01,Alta,Alta,2.29,0.77,1
2002-03-04,Alta,Alta,2.46,0.82,2
2002-03-05,Alta,Alta,2.67,0.39,3
2002-03-06,Alta,Alta,2.83,0.70,4
2002-03-07,Alta,Alta,2.94,-0.86,0
2002-03-08,Alta,Alta,3.02,-0.37,0
2002-03-11,Baixa,Alta,2.87,-0.37,0
2002-03-12,Baixa,Alta,2.68,0.12,1
2002-03-13,Baixa,Alta,2.41,-0.20,0
2002-03-14,Baixa,Alta,2.23,0.39,1
2002-03-15,Baixa,Alta,2.05,0.24,2
2002-03-18,Alta,Alta,2.00,0.17,3
2002-03-19,Alta,Alta,1.91,0.33,4
2002-03-20,Baixa,Alta,1.69,-0.76,0
2002-03-21,Baixa,Alta,1.52,1.00,1
2002-03-22,Baixa,Alta,1.39,-0.59,0
2002-03-25,Baixa,Alta,1.27,0.08,1
2002-03-26,Baixa,Alta,0.98,0.50,2
2002-03-27,Baixa,Alta,0.98,0.32,3
2002-03-28,Alta,Alta,1.01,0.80,4
2002-04-01,Alta,Alta,0.97,-0.58,0
2002-04-02,Alta,Alta,0.89,0.00,0
2002-04-03,Alta,Alta,1.05,-0.34,0
2002-04-04,Alta,Alta,1.05,0.28,1
2002-04-05,Alta,Alta,0.84,0.30,2
2002-04-08,Baixa,Alta,0.64,-0.42,0
2002-04-09,Baixa,Alta,0.44,-0.89,0
2002-04-10,Baixa,Baixa,0.24,-0.40,0
2002-04-11,Baixa,Baixa,-0.04,-0.87,0
2002-04-12,Baixa,Baixa,-0.20,0.42,1
2002-04-15,Baixa,Baixa,-0.48,-0.30,0
2002-04-16,Baixa,Baixa,-0.56,0.06,1
2002-04-17,Alta,Baixa,-0.56,0.83,2
2002-04-18,Alta,Baixa,-0.40,-0.63,0
2002-04-19,Alta,Baixa,-0.24,-0.72,0
2002-04-22,Baixa,Baixa,-0.04,-0.45,0
2002-04-23,Baixa,Baixa,0.00,-0.06,0
2002-04-24,Baixa,Baixa,-0.20,0.17,1
2002-04-25,Baixa,Baixa,-0.48,-0.65,0
2002-04-26,Baixa,Baixa,-0.80,-0.34,0
2002-04-29,Baixa,Baixa,-1.04,-0.23,0
2002-04-30,Baixa,Baixa,-1.24,-0.62,0
2002-05-01,Baixa,Baixa,-1.36,-0.89,0
2002-05-02,Baixa,Baixa,-1.49,0.65,1
2002-05-03,Alta,Baixa,-1.57,0.50,2
2002-05-06,Alta,Baixa,-1.70,0.36,3
2002-05-07,Alta,Baixa,-1.78,-0.47,0
2002-05-08,Alta,Baixa,-1.87,-0.43,0
2002-05-09,Alta,Baixa,-1.88,-0.43,0
2002-05-10,Baixa,Baixa,-1.96,-0.73,0
2002-05-13,Baixa,Baixa,-2.01,0.74,1
2002-05-14,Alta,Baixa,-2.15,0.04,2
2002-05-15,Alta,Baixa,-2.20,0.58,3
2002-05-16,Alta,Baixa,-2.37,0.79,4
2002-05-17,Alta,Baixa,-2.42,0.77,5
2002-05-20,Alta,Baixa,-2.47,-0.84,0
2002-05-21,Alta,Baixa,-2.45,0.90,1
2002-05-22,Alta,Baixa,-2.37,0.77,2
2002-05-23,Alta,Alta,-2.13,0.63,3
2002-05-24,Alta,Alta,-1.93,0.71,4
2002-05-28,Alta,Baixa,-1.76,-0.60,0
2002-05-29,Baixa,Baixa,-1.73,-0.55,0
2002-05-30,Alta,Alta,-1.69,-0.42,0
2002-05-31,Alta,Alta,-1.52,0.65,1
2002-06-03,Baixa,Alta,-1.57,-0.95,0
2002-06-04,Baixa,Alta,-1.49,-0.02,0
2002-06-05,Alta,Alta,-1.23,0.48,1
2002-06-06,Baixa,Baixa,-1.15,-0.89,0
2002-06-07,Baixa,Baixa,-1.28,0.75,1
2002-06-10,Alta,Alta,-1.29,0.68,2
2002-06-11,Alta,Alta,-1.24,0.17,3
2002-06-12,Alta,Alta,-1.29,0.46,4
2002-06-13,Alta,Alta,-1.25,-0.40,0
2002-06-14,Baixa,Alta,-1.25,0.18,1
2002-06-17,Alta,Alta,-1.21,0.76,2
2002-06-18,Baixa,Alta,-1.31,-0.45,0
2002-06-19,Baixa,Alta,-1.35,-0.68,0
2002-06-20,Baixa,Baixa,-1.45,-0.75,0
2002-06-21,Baixa,Baixa,-1.36,0.27,1
2002-06-24,Baixa,Baixa,-1.41,-0.33,0
2002-06-25,Baixa,Baixa,-1.37,-0.51,0
2002-06-26,Baixa,Baixa,-1.33,0.35,1
2002-06-27,Alta,Baixa,-1.28,0.61,2
2002-06-28,Alta,Baixa,-1.38,0.25,3
2002-07-01,Alta,Baixa,-1.34,-0.28,0
2002-07-02,Baixa,Baixa,-1.20,-0.49,0
2002-07-03,Baixa,Baixa,-1.11,0.68,1
2002-07-05,Alta,Alta,-0.79,0.93,2
2002-07-08,Alta,Alta,-0.42,0.20,3
2002-07-09,Alta,Baixa,-0.05,-0.57,0
2002-07-10,Alta,Baixa,0.19,-0.28,0
2002-07-11,Alta,Alta,0.61,0.82,1
2002-07-12,Alta,Alta,0.89,-0.73,0
2002-07-15,Baixa,Baixa,1.08,-0.45,0
2002-07-16,Baixa,Baixa,1.08,-0.18,0
2002-07-17,Alta,Alta,1.17,0.24,1
2002-07-18,Baixa,Baixa,0.98,-0.70,0
2002-07-19,Baixa,Baixa,0.70,-1.00,0
2002-07-22,Baixa,Baixa,0.37,-0.72,0
2002-07-23,Baixa,Baixa,0.19,-0.83,0
2002-07-24,Baixa,Baixa,-0.05,0.46,1
2002-07-25,Baixa,Baixa,-0.42,-0.65,0
2002-07-26,Baixa,Baixa,-0.78,0.33,1
2002-07-29,Baixa,Baixa,-1.01,0.51,2
2002-07-30,Alta,Baixa,-1.25,0.48,3
2002-07-31,Alta,Baixa,-1.39,0.30,4
2002-08-01,Alta,Baixa,-1.34,-0.45,0
2002-08-02,Alta,Baixa,-1.30,0.10,1
2002-08-05,Baixa,Baixa,-1.54,-0.41,0
2002-08-06,Alta,Baixa,-1.59,0.81,1
2002-08-07,Alta,Baixa,-1.73,0.25,2
2002-08-08,Alta,Baixa,-1.74,0.70,3
2002-08-09,Alta,Baixa,-1.69,0.34,4
2002-08-12,Alta,Baixa,-1.56,-0.58,0
2002-08-13,Alta,Baixa,-1.47,0.39,1
2002-08-14,Alta,Baixa,-1.33,0.91,2
2002-08-15,Alta,Alta,-1.34,-0.12,0
2002-08-16,Alta,Alta,-1.20,0.46,1
2002-08-19,Alta,Alta,-0.91,0.18,2
2002-08-20,Alta,Alta,-0.77,0.55,3
2002-08-21,Alta,Alta,-0.72,0.46,4
2002-08-22,Alta,Alta,-0.68,-0.45,0
2002-08-23,Baixa,Alta,-0.82,-0.45,0
2002-08-26,Baixa,Alta,-0.92,0.09,1
2002-08-27,Baixa,Alta,-1.02,-0.56,0
2002-08-28,Baixa,Baixa,-1.22,-0.98,0
2002-08-29,Baixa,Baixa,-1.27,0.36,1
2002-08-30,Baixa,Baixa,-1.12,-0.62,0
2002-09-03,Baixa,Baixa,-1.08,0.39,1
2002-09-04,Alta,Baixa,-0.83,1.00,2
2002-09-05,Baixa,Baixa,-0.54,-0.79,0
2002-09-06,Alta,Baixa,-0.30,0.23,1
2002-09-09,Alta,Baixa,-0.30,-0.38,0
2002-09-10,Alta,Alta,-0.15,0.97,1
2002-09-11,Alta,Alta,-0.10,0.71,2
2002-09-12,Alta,Alta,0.00,-0.94,0
2002-09-13,Alta,Alta,0.10,0.50,1
2002-09-16,Alta,Alta,0.10,-0.62,0
2002-09-17,Baixa,Alta,0.00,-0.83,0
2002-09-18,Baixa,Alta,-0.15,-0.41,0
2002-09-19,Baixa,Baixa,-0.30,-1.00,0
2002-09-20,Baixa,Alta,-0.59,0.79,1
2002-09-23,Baixa,Baixa,-0.74,-0.53,0
2002-09-24,Baixa,Baixa,-0.84,0.75,1
2002-09-25,Alta,Alta,-0.84,0.77,2
2002-09-26,Alta,Alta,-0.89,0.57,3
2002-09-27,Alta,Alta,-0.80,-0.10,0
2002-09-30,Baixa,Baixa,-0.65,-0.77,0
2002-10-01,Alta,Alta,-0.40,0.80,1
2002-10-02,Alta,Alta,-0.05,0.56,2
2002-10-03,Alta,Alta,0.35,0.47,3
2002-10-04,Alta,Alta,0.75,-0.80,0
2002-10-07,Baixa,Alta,1.10,-0.62,0
2002-10-08,Alta,Alta,1.31,0.85,1
2002-10-09,Baixa,Baixa,1.15,-0.90,0
2002-10-10,Baixa,Alta,1.05,0.65,1
2002-10-11,Alta,Alta,1.00,0.73,2
2002-10-14,Alta,Alta,0.94,-0.42,0
2002-10-15,Alta,Alta,1.09,0.83,1
2002-10-16,Alta,Alta,1.29,0.92,2
2002-10-17,Alta,Alta,1.43,-0.10,0
2002-10-18,Alta,Alta,1.43,0.32,1
2002-10-21,Alta,Alta,1.48,0.16,2
2002-10-22,Alta,Alta,1.32,0.08,3
2002-10-23,Baixa,Alta,1.22,-0.81,0
2002-10-24,Baixa,Alta,1.02,-0.25,0
2002-10-25,Alta,Alta,0.92,0.47,1
2002-10-28,Alta,Alta,0.82,-0.37,0
2002-10-29,Alta,Alta,0.68,-0.03,0
2002-10-30,Alta,Alta,0.63,0.68,1
2002-10-31,Alta,Alta,0.63,0.40,2
2002-11-01,Alta,Alta,0.67,0.38,3
2002-11-04,Alta,Alta,0.87,0.54,4
2002-11-05,Alta,Alta,1.06,-0.52,0
2002-11-06,Alta,Alta,1.25,0.36,1
2002-11-07,Alta,Alta,1.63,0.20,2
2002-11-08,Alta,Alta,1.82,0.75,3
2002-11-11,Baixa,Alta,1.91,-0.73,0
2002-11-12,Alta,Alta,2.09,0.72,1
2002-11-13,Alta,Alta,2.18,-0.35,0
2002-11-14,Alta,Alta,2.17,0.41,1
2002-11-15,Alta,Alta,2.26,0.00,0
2002-11-18,Alta,Alta,2.39,0.78,1
2002-11-19,Alta,Alta,2.28,-0.95,0
2002-11-20,Alta,Alta,2.18,0.05,1
2002-11-21,Alta,Alta,2.45,0.92,2
2002-11-22,Alta,Alta,2.62,-0.20,0
2002-11-25,Alta,Alta,2.88,0.85,1
2002-11-26,Alta,Alta,3.23,-0.57,0
2002-11-27,Alta,Alta,3.68,0.53,1
2002-11-29,Alta,Alta,3.79,-0.77,0
2002-12-02,Alta,Alta,3.94,0.18,1
2002-12-03,Baixa,Alta,3.91,-0.72,0
2002-12-04,Baixa,Alta,3.93,-0.43,0
2002-12-05,Baixa,Alta,3.85,-0.05,0
2002-12-06,Baixa,Alta,3.65,-0.20,0
2002-12-09,Baixa,Alta,3.45,-0.32,0
2002-12-10,Baixa,Alta,3.29,0.68,1
2002-12-11,Baixa,Alta,3.06,-0.51,0
2002-12-12,Baixa,Alta,2.82,-0.10,0
2002-12-13,Baixa,Alta,2.60,0.00,0
2002-12-16,Alta,Alta,2.54,0.84,1
2002-12-17,Alta,Alta,2.57,-0.20,0
2002-12-18,Baixa,Alta,2.51,-0.71,0
2002-12-19,Baixa,Alta,2.62,0.28,1
2002-12-20,Alta,Alta,2.78,0.72,2
2002-12-23,Alta,Alta,2.76,0.26,3
2002-12-24,Baixa,Alta,2.62,-0.52,0
2002-12-26,Baixa,Alta,2.57,-0.12,0
2002-12-27,Baixa,Alta,2.40,-0.78,0
2002-12-30,Baixa,Alta,2.11,-0.80,0
2002-12-31,Baixa,Alta,1.94,0.58,1
2003-01-02,Alta,Alta,1.77,0.94,2
2003-01-03,Alta,Alta,1.84,0.74,3
2003-01-06,Alta,Alta,1.95,0.84,4
2003-01-07,Alta,Alta,2.26,0.52,5
2003-01-08,Alta,Alta,2.44,0.00,0
2003-01-09,Alta,Alta,2.78,0.92,1
2003-01-10,Alta,Alta,2.85,-0.72,0
2003-01-13,Alta,Alta,2.87,-0.36,0
2003-01-14,Alta,Alta,2.78,0.46,1
2003-01-15,Baixa,Alta,2.73,-0.49,0
2003-01-16,Baixa,Alta,2.41,-0.36,0
2003-01-17,Baixa,Alta,2.17,-0.79,0
2003-01-21,Baixa,Baixa,1.79,-0.76,0
2003-01-22,Baixa,Baixa,1.48,0.90,1
2003-01-23,Baixa,Baixa,1.18,-0.16,0
2003-01-24,Baixa,Baixa,0.95,-1.00,0
2003-01-27,Baixa,Baixa,0.77,0.61,1
2003-01-28,Baixa,Baixa,0.77,-0.04,0
2003-01-29,Baixa,Baixa,0.69,-0.31,0
2003-01-30,Alta,Baixa,0.62,0.40,1
2003-01-31,Alta,Baixa,0.51,0.64,2
2003-02-03,Baixa,Baixa,0.47,-0.39,0
2003-02-04,Alta,Baixa,0.47,0.76,1
2003-02-05,Alta,Baixa,0.22,0.12,2
2003-02-06,Alta,Baixa,-0.04,0.08,3
2003-02-07,Alta,Baixa,-0.29,-0.48,0
2003-02-10,Baixa,Baixa,-0.54,-0.24,0
2003-02-11,Alta,Baixa,-0.87,1.00,1
2003-02-12,Alta,Alta,-0.83,1.00,2
2003-02-13,Alta,Alta,-0.80,0.00,0
2003-02-14,Alta,Alta,-0.62,0.25,1
2003-02-18,Alta,Alta,-0.47,-0.48,0
2003-02-19,Alta,Alta,-0.33,0.46,1
2003-02-20,Alta,Alta,-0.22,0.00,0
2003-02-21,Alta,Alta,0.07,0.68,1
2003-02-24,Alta,Alta,0.22,-0.21,0
2003-02-25,Alta,Alta,0.51,0.88,1
2003-02-26,Alta,Alta,0.77,-0.64,0
2003-02-27,Alta,Alta,1.06,0.84,1
2003-02-28,Alta,Alta,1.09,0.44,2
2003-03-03,Alta,Alta,1.28,0.55,3
2003-03-04,Alta,Alta,1.31,-0.54,0
2003-03-05,Alta,Alta,1.41,0.43,1
2003-03-06,Alta,Alta,1.41,-0.27,0
2003-03-07,Baixa,Alta,1.44,-0.41,0
2003-03-10,Baixa,Alta,1.33,-0.63,0
2003-03-11,Baixa,Alta,1.18,-0.78,0
2003-03-12,Baixa,Alta,1.00,-0.29,0
2003-03-13,Alta,Alta,1.03,0.57,1
2003-03-14,Alta,Alta,1.03,-0.40,0
2003-03-17,Alta,Alta,1.14,0.56,1
2003-03-18,Alta,Alta,1.17,-1.00,0
2003-03-19,Alta,Alta,1.17,0.60,1
2003-03-20,Alta,Alta,0.99,0.29,2
2003-03-21,Alta,Alta,0.95,0.76,3
2003-03-24,Baixa,Alta,0.63,-0.91,0
2003-03-25,Baixa,Alta,0.53,0.72,1
2003-03-26,Alta,Alta,0.49,0.08,2
2003-03-27,Baixa,Baixa,0.24,-0.61,0
2003-03-28,Baixa,Baixa,-0.07,0.75,1
2003-03-31,Baixa,Baixa,-0.07,-0.09,0
2003-04-01,Baixa,Alta,-0.03,0.85,1
2003-04-02,Baixa,Alta,0.03,-1.00,0
2003-04-03,Baixa,Baixa,0.31,-0.84,0
2003-04-04,Alta,Alta,0.59,0.70,1
2003-04-07,Alta,Alta,0.91,0.33,2
2003-04-08,Alta,Alta,1.12,0.47,3
2003-04-09,Alta,Alta,1.29,0.94,4
2003-04-10,Alta,Alta,1.36,-0.86,0
2003-04-11,Alta,Alta,1.46,-0.06,0
2003-04-14,Alta,Alta,1.52,0.18,1
2003-04-15,Alta,Alta,1.55,-0.68,0
2003-04-16,Alta,Alta,1.48,0.58,1
2003-04-17,Alta,Alta,1.58,0.59,2
2003-04-21,Alta,Alta,1.64,0.55,3
2003-04-22,Alta,Alta,1.67,0.18,4
2003-04-23,Alta,Alta,1.70,-0.25,0
2003-04-24,Alta,Alta,1.76,0.55,1
2003-04-25,Alta,Alta,1.75,-0.12,0
2003-04-28,Alta,Alta,1.78,0.77,1
2003-04-29,Alta,Alta,1.78,-0.44,0
2003-04-30,Alta,Alta,1.74,-0.32,0
2003-05-01,Alta,Alta,1.76,-0.04,0
2003-05-02,Alta,Alta,1.79,0.69,1
2003-05-05,Alta,Alta,1.75,0.57,2
2003-05-06,Baixa,Alta,1.65,-0.89,0
2003-05-07,Baixa,Alta,1.54,-0.41,0
2003-05-08,Baixa,Alta,1.37,0.49,1
2003-05-09,Baixa,Alta,1.21,0.76,2
2003-05-12,Alta,Alta,1.10,0.60,3
2003-05-13,Alta,Alta,1.10,0.83,4
2003-05-14,Alta,Alta,1.16,-0.20,0
2003-05-15,Alta,Alta,1.26,0.18,1
2003-05-16,Alta,Alta,1.32,-0.68,0
2003-05-19,Baixa,Alta,1.28,-0.41,0
2003-05-20,Baixa,Alta,1.28,-0.08,0
2003-05-21,Baixa,Alta,1.25,-0.69,0
2003-05-22,Baixa,Alta,1.27,0.56,1
2003-05-23,Alta,Alta,1.33,0.78,2
2003-05-27,Alta,Alta,1.55,0.82,3
2003-05-28,Alta,Alta,1.61,-0.61,0
2003-05-29,Alta,Alta,1.77,0.20,1
2003-05-30,Alta,Alta,1.82,0.00,0
2003-06-02,Alta,Alta,1.88,0.04,1
2003-06-03,Baixa,Alta,1.72,-0.76,0
2003-06-04,Baixa,Alta,1.71,-0.97,0
2003-06-05,Baixa,Alta,1.64,0.66,1
2003-06-06,Baixa,Alta,1.58,0.07,2
2003-06-09,Baixa,Alta,1.63,-0.22,0
2003-06-10,Baixa,Alta,1.75,-0.59,0
2003-06-11,Baixa,Alta,1.87,0.67,1
2003-06-12,Alta,Alta,1.95,0.02,2
2003-06-13,Alta,Alta,2.07,0.09,3
2003-06-16,Alta,Alta,2.12,0.43,4
2003-06-17,Alta,Alta,2.26,0.18,5
2003-06-18,Alta,Alta,2.31,0.21,6
2003-06-19,Alta,Alta,2.30,-0.89,0
2003-06-20,Alta,Alta,2.23,-0.53,0
2003-06-23,Baixa,Alta,2.08,-0.83,0
2003-06-24,Baixa,Alta,1.92,0.61,1
2003-06-25,Alta,Alta,1.82,0.71,2
2003-06-26,Alta,Alta,1.87,0.23,3
2003-06-27,Alta,Alta,1.95,0.22,4
2003-06-30,Alta,Alta,2.06,-0.69,0
2003-07-01,Alta,Alta,2.06,-0.51,0
2003-07-02,Alta,Alta,2.11,0.79,1
2003-07-03,Alta,Alta,2.07,-0.48,0
2003-07-07,Alta,Alta,2.03,0.04,1
2003-07-08,Alta,Alta,2.05,0.73,2
2003-07-09,Alta,Alta,2.01,-0.77,0
2003-07-10,Baixa,Alta,1.84,-0.29,0
2003-07-11,Baixa,Alta,1.69,-0.39,0
2003-07-14,Baixa,Alta,1.60,0.00,0
2003-07-15,Alta,Alta,1.48,0.51,1
2003-07-16,Baixa,Alta,1.33,-0.73,0
2003-07-17,Baixa,Baixa,1.08,-0.21,0
2003-07-18,Baixa,Baixa,0.91,0.41,1
2003-07-21,Baixa,Baixa,0.80,0.93,2
2003-07-22,Baixa,Baixa,0.63,0.12,3
2003-07-23,Alta,Baixa,0.58,0.26,4
2003-07-24,Alta,Alta,0.66,0.04,5
2003-07-25,Alta,Alta,0.69,0.14,6
2003-07-28,Alta,Alta,0.57,-0.52,0
2003-07-29,Alta,Alta,0.52,-0.43,0
2003-07-30,Baixa,Baixa,0.52,-0.66,0
2003-07-31,Baixa,Baixa,0.63,0.96,1
2003-08-01,Alta,Alta,0.71,0.34,2
2003-08-04,Baixa,Baixa,0.76,-0.51,0
2003-08-05,Alta,Alta,0.76,0.66,1
2003-08-06,Alta,Alta,0.76,0.74,2
2003-08-07,Alta,Alta,0.68,-1.00,0
2003-08-08,Alta,Alta,0.51,-0.27,0
2003-08-11,Alta,Alta,0.46,0.59,1
2003-08-12,Alta,Alta,0.46,0.80,2
2003-08-13,Alta,Alta,0.51,0.09,3
2003-08-14,Alta,Alta,0.70,0.81,4
2003-08-15,Alta,Alta,0.91,0.19,5
2003-08-18,Alta,Alta,1.16,0.53,6
2003-08-19,Alta,Alta,1.45,-0.31,0
2003-08-20,Alta,Alta,1.72,0.50,1
2003-08-21,Alta,Alta,1.84,0.47,2
2003-08-22,Alta,Alta,1.97,-0.84,0
2003-08-25,Alta,Alta,2.05,-0.01,0
2003-08-26,Alta,Alta,2.01,0.21,1
2003-08-27,Alta,Alta,2.00,0.76,2
2003-08-28,Alta,Alta,1.92,-0.53,0
2003-08-29,Alta,Alta,1.91,-0.60,0
2003-09-02,Alta,Alta,1.95,0.36,1
2003-09-03,Alta,Alta,2.18,0.81,2
2003-09-04,Alta,Alta,2.25,-0.93,0
2003-09-05,Alta,Alta,2.29,-0.40,0
2003-09-08,Alta,Alta,2.28,0.55,1
2003-09-09,Baixa,Alta,2.17,-0.64,0
2003-09-10,Baixa,Alta,1.85,-0.49,0
2003-09-11,Baixa,Alta,1.74,1.00,1
2003-09-12,Alta,Alta,1.66,0.00,0
2003-09-15,Alta,Alta,1.68,0.69,1
2003-09-16,Alta,Alta,1.75,0.74,2
2003-09-17,Alta,Alta,1.79,-0.75,0
2003-09-18,Alta,Alta,1.89,-0.03,0
2003-09-19,Alta,Alta,2.10,0.05,1
2003-09-22,Alta,Alta,2.22,0.08,2
2003-09-23,Alta,Alta,2.38,1.00,3
2003-09-24,Alta,Alta,2.62,0.65,4
2003-09-25,Alta,Alta,2.83,-0.65,0
2003-09-26,Alta,Alta,3.10,0.03,1
2003-09-29,Alta,Alta,3.40,0.91,2
2003-09-30,Baixa,Alta,3.53,-0.91,0
2003-10-01,Alta,Alta,3.70,0.81,1
2003-10-02,Alta,Alta,3.82,0.69,2
2003-10-03,Alta,Alta,3.83,0.15,3
2003-10-06,Alta,Alta,3.90,0.49,4
2003-10-07,Alta,Alta,4.08,0.29,5
2003-10-08,Alta,Alta,4.23,0.06,6
2003-10-09,Alta,Alta,4.29,-0.79,0
2003-10-10,Baixa,Alta,4.28,-0.10,0
2003-10-13,Alta,Alta,4.24,0.69,1
2003-10-14,Alta,Alta,4.28,-0.09,0
2003-10-15,Alta,Alta,4.24,0.09,1
2003-10-16,Alta,Alta,4.23,0.47,2
2003-10-17,Alta,Alta,4.19,-0.89,0
2003-10-20,Baixa,Alta,4.11,-0.49,0
2003-10-21,Baixa,Alta,3.87,-0.18,0
2003-10-22,Baixa,Alta,3.56,-0.82,0
2003-10-23,Baixa,Alta,3.28,0.81,1
2003-10-24,Alta,Alta,3.09,0.67,2
2003-10-27,Baixa,Alta,2.86,0.61,3
2003-10-28,Alta,Alta,2.75,0.70,4
2003-10-29,Baixa,Alta,2.68,-0.99,0
2003-10-30,Baixa,Alta,2.46,-0.74,0
2003-10-31,Baixa,Alta,2.29,0.75,1
2003-11-03,Alta,Alta,2.23,0.54,2
2003-11-04,Alta,Alta,2.10,-0.61,0
2003-11-05,Baixa,Alta,1.99,0.34,1
2003-11-06,Alta,Alta,2.00,0.60,2
2003-11-07,Alta,Alta,1.98,-0.20,0
2003-11-10,Alta,Alta,1.97,0.47,1
2003-11-11,Baixa,Alta,1.88,-0.57,0
2003-11-12,Baixa,Alta,1.82,-0.16,0
2003-11-13,Alta,Alta,1.81,0.86,1
2003-11-14,Baixa,Alta,1.74,-0.93,0
2003-11-17,Baixa,Baixa,1.52,-0.38,0
2003-11-18,Baixa,Baixa,1.40,-0.79,0
2003-11-19,Baixa,Baixa,1.29,-0.59,0
2003-11-20,Baixa,Baixa,1.17,0.87,1
2003-11-21,Baixa,Baixa,1.07,-0.81,0
2003-11-24,Alta,Alta,1.10,0.79,1
2003-11-25,Alta,Alta,1.16,0.71,2
2003-11-26,Alta,Alta,1.33,-0.08,0
2003-11-28,Alta,Alta,1.42,0.84,1
2003-12-01,Alta,Alta,1.56,0.16,2
2003-12-02,Alta,Alta,1.60,-0.30,0
2003-12-03,Alta,Alta,1.59,-0.80,0
2003-12-04,Baixa,Alta,1.42,-0.46,0
2003-12-05,Baixa,Alta,1.32,0.18,1
2003-12-08,Baixa,Alta,1.19,0.24,2
2003-12-09,Baixa,Alta,1.04,-0.18,0
2003-12-10,Baixa,Baixa,0.92,-0.72,0
2003-12-11,Baixa,Alta,0.87,0.26,1
2003-12-12,Baixa,Baixa,0.64,-0.76,0
2003-12-15,Baixa,Baixa,0.37,-0.87,0
2003-12-16,Baixa,Baixa,0.05,-0.64,0
2003-12-17,Baixa,Baixa,-0.20,0.86,1
2003-12-18,Alta,Baixa,-0.40,-0.06,0
2003-12-19,Alta,Baixa,-0.44,-0.58,0
2003-12-22,Alta,Alta,-0.40,0.57,1
2003-12-23,Alta,Alta,-0.27,0.61,2
2003-12-24,Alta,Alta,-0.22,0.16,3
2003-12-26,Alta,Alta,-0.18,0.41,4
2003-12-29,Alta,Alta,-0.20,0.82,5
2003-12-30,Alta,Alta,-0.17,0.85,6
2003-12-31,Alta,Alta,0.04,0.95,7
2004-01-02,Alta,Alta,0.33,-0.03,0
2004-01-05,Alta,Alta,0.88,0.89,1
2004-01-06,Alta,Alta,1.34,0.16,2
2004-01-07,Alta,Alta,1.65,0.16,3
2004-01-08,Alta,Alta,1.85,0.10,4
2004-01-09,Alta,Alta,1.92,-0.23,0
2004-01-12,Alta,Alta,1.80,-0.15,0
2004-01-13,Baixa,Alta,1.81,-0.90,0
2004-01-14,Baixa,Alta,1.66,-0.60,0
2004-01-15,Baixa,Alta,1.39,-0.11,0
2004-01-16,Baixa,Alta,1.24,0.07,1
2004-01-20,Baixa,Alta,1.13,0.51,2
2004-01-21,Alta,Alta,0.98,-0.09,0
2004-01-22,Alta,Alta,1.10,-0.36,0
2004-01-23,Alta,Alta,1.28,0.72,1
2004-01-26,Alta,Alta,1.45,-0.04,0
2004-01-27,Alta,Alta,1.54,0.58,1
2004-01-28,Alta,Alta,1.55,-0.55,0
2004-01-29,Baixa,Alta,1.57,-0.53,0
2004-01-30,Baixa,Alta,1.61,0.00,0
2004-02-02,Baixa,Alta,1.70,0.49,1
2004-02-03,Alta,Alta,1.85,0.50,2
2004-02-04,Baixa,Alta,1.86,-0.88,0
2004-02-05,Baixa,Alta,1.82,-0.51,0
2004-02-06,Baixa,Alta,1.69,0.79,1
2004-02-09,Baixa,Alta,1.46,0.06,2
2004-02-10,Baixa,Alta,1.08,-0.65,0
2004-02-11,Baixa,Alta,0.89,0.41,1
2004-02-12,Alta,Alta,0.75,0.45,2
2004-02-13,Alta,Alta,0.71,0.05,3
2004-02-17,Alta,Alta,0.88,0.52,4
2004-02-18,Alta,Alta,1.18,-0.29,0
2004-02-19,Alta,Alta,1.49,-0.30,0
2004-02-20,Alta,Alta,1.74,-0.65,0
2004-02-23,Alta,Alta,1.90,-0.37,0
2004-02-24,Alta,Alta,2.00,0.62,1
2004-02-25,Alta,Alta,2.01,-0.45,0
2004-02-26,Alta,Alta,2.10,0.84,1
2004-02-27,Alta,Alta,2.27,0.39,2
2004-03-01,Alta,Alta,2.63,0.65,3
2004-03-02,Alta,Alta,2.77,-0.65,0
2004-03-03,Alta,Alta,2.90,0.70,1
2004-03-04,Alta,Alta,3.02,0.44,2
2004-03-05,Alta,Alta,3.08,0.44,3
2004-03-08,Alta,Alta,3.05,0.46,4
2004-03-09,Alta,Alta,3.16,0.57,5
2004-03-10,Alta,Alta,3.20,-0.73,0
2004-03-11,Baixa,Alta,3.12,-0.90,0
2004-03-12,Baixa,Alta,2.99,-0.40,0
2004-03-15,Baixa,Alta,2.63,-1.00,0
2004-03-16,Baixa,Alta,2.28,0.79,1
2004-03-17,Alta,Alta,1.96,1.00,2
2004-03-18,Alta,Alta,1.77,-0.19,0
2004-03-19,Alta,Alta,1.64,0.09,1
2004-03-22,Baixa,Alta,1.62,-0.73,0
2004-03-23,Baixa,Alta,1.52,-0.49,0
2004-03-24,Baixa,Alta,1.48,-0.21,0
2004-03-25,Alta,Alta,1.71,1.00,1
2004-03-26,Alta,Alta,1.99,-0.40,0
2004-03-29,Alta,Alta,2.40,-0.72,0
2004-03-30,Alta,Alta,2.84,-0.31,0
2004-03-31,Alta,Alta,3.31,0.67,1
2004-04-01,Alta,Alta,3.43,0.00,0
2004-04-02,Alta,Alta,3.45,-0.48,0
2004-04-05,Alta,Alta,3.40,0.36,1
2004-04-06,Alta,Alta,3.32,-0.14,0
2004-04-07,Alta,Alta,3.24,0.00,0
2004-04-08,Alta,Alta,3.27,-0.04,0
2004-04-12,Alta,Alta,3.36,0.23,1
2004-04-13,Baixa,Alta,3.39,-0.70,0
2004-04-14,Baixa,Alta,3.38,0.00,0
2004-04-15,Baixa,Alta,3.34,0.54,1
2004-04-16,Baixa,Alta,3.29,-0.68,0
2004-04-19,Alta,Alta,3.32,0.68,1
2004-04-20,Baixa,Alta,3.36,-0.70,0
2004-04-21,Baixa,Alta,3.30,-0.72,0
2004-04-22,Baixa,Alta,3.29,0.39,1
2004-04-23,Baixa,Alta,3.24,0.25,2
2004-04-26,Baixa,Alta,2.95,-0.47,0
2004-04-27,Baixa,Alta,2.74,0.25,1
2004-04-28,Baixa,Baixa,2.45,-0.00,0
2004-04-29,Baixa,Baixa,1.99,-0.39,0
2004-04-30,Baixa,Baixa,1.54,-0.43,0
2004-05-03,Baixa,Baixa,1.12,-0.57,0
2004-05-04,Alta,Alta,0.98,0.91,1
2004-05-05,Alta,Baixa,0.99,-0.23,0
2004-05-06,Baixa,Baixa,1.05,-0.31,0
2004-05-07,Baixa,Baixa,0.96,-0.53,0
2004-05-10,Baixa,Baixa,0.92,0.62,1
2004-05-11,Baixa,Baixa,0.59,0.36,2
2004-05-12,Baixa,Baixa,0.37,-0.35,0
2004-05-13,Alta,Baixa,0.29,0.68,1
2004-05-14,Alta,Baixa,0.28,-0.48,0
2004-05-17,Alta,Baixa,0.22,-0.66,0
2004-05-18,Alta,Baixa,0.22,0.62,1
2004-05-19,Alta,Baixa,0.17,0.05,2
2004-05-20,Alta,Baixa,0.09,-0.05,0
2004-05-21,Alta,Baixa,0.16,0.24,1
2004-05-24,Alta,Alta,0.41,0.92,2
2004-05-25,Alta,Alta,0.71,0.65,3
2004-05-26,Alta,Alta,0.94,0.02,4
2004-05-27,Baixa,Baixa,1.00,-0.63,0
2004-05-28,Baixa,Baixa,0.91,-0.88,0
2004-06-01,Baixa,Baixa,0.71,0.68,1
2004-06-02,Baixa,Baixa,0.49,0.21,2
2004-06-03,Baixa,Baixa,0.31,-0.70,0
2004-06-04,Baixa,Baixa,0.28,-0.65,0
2004-06-07,Alta,Baixa,0.20,0.73,1
2004-06-08,Alta,Baixa,0.18,0.07,2
2004-06-09,Baixa,Baixa,-0.05,-0.83,0
2004-06-10,Baixa,Baixa,-0.24,-0.02,0
2004-06-14,Baixa,Baixa,-0.59,-0.80,0
2004-06-15,Baixa,Baixa,-0.80,0.55,1
2004-06-16,Baixa,Baixa,-1.08,-0.40,0
2004-06-17,Alta,Alta,-1.14,0.66,1
2004-06-18,Alta,Alta,-1.15,0.24,2
2004-06-21,Alta,Alta,-1.04,-0.61,0
2004-06-22,Alta,Alta,-1.03,-0.35,0
2004-06-23,Alta,Alta,-1.02,0.45,1
2004-06-24,Baixa,Alta,-1.01,-0.10,0
2004-06-25,Baixa,Alta,-1.02,0.08,1
2004-06-28,Baixa,Alta,-1.03,0.05,2
2004-06-29,Baixa,Alta,-0.92,0.33,3
2004-06-30,Alta,Alta,-0.86,0.77,4
2004-07-01,Baixa,Baixa,-0.95,-0.88,0
2004-07-02,Baixa,Baixa,-0.92,0.00,0
2004-07-06,Baixa,Baixa,-0.94,-0.47,0
2004-07-07,Baixa,Baixa,-1.04,-0.42,0
2004-07-08,Baixa,Baixa,-1.04,-0.57,0
2004-07-09,Baixa,Baixa,-1.00,-0.32,0
2004-07-12,Baixa,Baixa,-1.05,-0.30,0
2004-07-13,Baixa,Baixa,-0.89,0.89,1
2004-07-14,Baixa,Baixa,-0.70,0.28,2
2004-07-15,Alta,Baixa,-0.38,0.35,3
2004-07-16,Alta,Baixa,-0.33,-0.99,0
2004-07-19,Alta,Baixa,-0.27,-0.59,0
2004-07-20,Baixa,Baixa,-0.31,-0.33,0
2004-07-21,Baixa,Baixa,-0.31,-0.69,0
2004-07-22,Baixa,Baixa,-0.52,-0.61,0
2004-07-23,Baixa,Baixa,-0.47,0.11,1
2004-07-26,Baixa,Baixa,-0.45,0.53,2
2004-07-27,Alta,Baixa,-0.51,0.52,3
2004-07-28,Alta,Baixa,-0.56,0.38,4
2004-07-29,Alta,Baixa,-0.53,-0.25,0
2004-07-30,Alta,Baixa,-0.51,-0.47,0
2004-08-02,Alta,Baixa,-0.51,0.63,1
2004-08-03,Baixa,Baixa,-0.51,-0.89,0
2004-08-04,Alta,Baixa,-0.58,0.41,1
2004-08-05,Baixa,Baixa,-0.83,-0.82,0
2004-08-06,Baixa,Baixa,-1.03,0.49,1
2004-08-09,Baixa,Baixa,-1.26,-0.80,0
2004-08-10,Baixa,Baixa,-1.35,0.57,1
2004-08-11,Baixa,Baixa,-1.39,-0.08,0
2004-08-12,Baixa,Baixa,-1.27,0.19,1
2004-08-13,Alta,Baixa,-1.18,0.15,2
2004-08-16,Alta,Baixa,-0.89,0.78,3
2004-08-17,Alta,Alta,-0.61,0.43,4
2004-08-18,Alta,Alta,-0.49,0.61,5
2004-08-19,Alta,Alta,-0.34,0.88,6
2004-08-20,Alta,Alta,-0.05,0.65,7
2004-08-23,Alta,Alta,0.05,0.47,8
2004-08-24,Alta,Alta,0.16,0.09,9
2004-08-25,Alta,Alta,0.38,0.64,10
2004-08-26,Baixa,Alta,0.54,-0.15,0
2004-08-27,Baixa,Alta,0.46,-0.27,0
2004-08-30,Baixa,Alta,0.38,-0.03,0
2004-08-31,Alta,Alta,0.26,0.12,1
2004-09-01,Alta,Alta,0.26,0.66,2
2004-09-02,Alta,Alta,0.26,-0.42,0
2004-09-03,Alta,Alta,0.46,0.52,1
2004-09-07,Alta,Alta,0.71,0.22,2
2004-09-08,Alta,Alta,0.89,-0.52,0
2004-09-09,Alta,Alta,0.96,-0.33,0
2004-09-10,Alta,Alta,1.01,0.13,1
2004-09-13,Alta,Alta,1.19,0.73,2
2004-09-14,Alta,Alta,1.28,-0.55,0
2004-09-15,Baixa,Alta,1.40,-0.67,0
2004-09-16,Baixa,Alta,1.51,-0.60,0
2004-09-17,Baixa,Alta,1.65,-0.19,0
2004-09-20,Baixa,Alta,1.60,0.56,1
2004-09-21,Baixa,Alta,1.66,0.43,2
2004-09-22,Baixa,Alta,1.66,-0.29,0
2004-09-23,Alta,Alta,1.69,0.30,1
2004-09-24,Alta,Alta,1.68,0.57,2
2004-09-27,Alta,Alta,1.63,-0.14,0
2004-09-28,Alta,Alta,1.59,0.54,1
2004-09-29,Alta,Alta,1.65,0.49,2
2004-09-30,Alta,Alta,1.82,0.78,3
2004-10-01,Alta,Alta,2.21,0.95,4
2004-10-04,Alta,Alta,2.59,-0.84,0
2004-10-05,Alta,Alta,2.85,-0.62,0
2004-10-06,Alta,Alta,3.03,-0.26,0
2004-10-07,Alta,Alta,3.07,-0.13,0
2004-10-08,Alta,Alta,2.95,0.46,1
2004-10-11,Alta,Alta,2.85,0.36,2
2004-10-12,Baixa,Alta,2.70,-0.52,0
2004-10-13,Baixa,Alta,2.61,-0.67,0
2004-10-14,Baixa,Alta,2.45,-0.56,0
2004-10-15,Baixa,Alta,2.36,0.79,1
2004-10-18,Baixa,Alta,2.27,0.36,2
2004-10-19,Baixa,Alta,2.31,-0.51,0
2004-10-20,Baixa,Alta,2.27,-0.52,0
2004-10-21,Alta,Alta,2.38,0.86,1
2004-10-22,Alta,Alta,2.39,0.29,2
2004-10-25,Baixa,Alta,2.32,-0.79,0
2004-10-26,Alta,Alta,2.20,0.72,1
2004-10-27,Alta,Alta,2.18,0.84,2
2004-10-28,Alta,Alta,2.04,-0.69,0
2004-10-29,Alta,Alta,1.91,0.79,1
2004-11-01,Alta,Alta,1.85,0.31,2
2004-11-02,Alta,Alta,1.88,0.67,3
2004-11-03,Alta,Alta,1.86,-0.88,0
2004-11-04,Alta,Alta,1.89,0.90,1
2004-11-05,Alta,Alta,1.95,0.13,2
2004-11-08,Alta,Alta,2.09,0.94,3
2004-11-09,Alta,Alta,2.16,0.04,4
2004-11-10,Baixa,Alta,2.16,0.42,5
2004-11-11,Baixa,Alta,2.08,-0.30,0
2004-11-12,Baixa,Alta,1.98,0.28,1
2004-11-15,Alta,Alta,1.81,0.56,2
2004-11-16,Baixa,Alta,1.58,-0.20,0
2004-11-17,Baixa,Alta,1.45,-0.19,0
2004-11-18,Alta,Alta,1.56,0.97,1
2004-11-19,Alta,Alta,1.55,-0.47,0
2004-11-22,Alta,Alta,1.49,0.67,1
2004-11-23,Baixa,Alta,1.48,-0.86,0
2004-11-24,Baixa,Alta,1.50,0.19,1
2004-11-26,Baixa,Alta,1.35,-0.44,0
2004-11-29,Baixa,Alta,1.26,-0.55,0
2004-11-30,Baixa,Alta,1.26,0.42,1
2004-12-01,Baixa,Alta,1.22,-0.06,0
2004-12-02,Alta,Alta,1.23,0.62,1
2004-12-03,Baixa,Alta,1.19,-0.90,0
2004-12-06,Alta,Alta,1.27,0.79,1
2004-12-07,Baixa,Alta,1.22,-0.69,0
2004-12-08,Baixa,Baixa,0.77,-0.23,0
2004-12-09,Baixa,Baixa,0.06,-0.36,0
2004-12-10,Baixa,Baixa,-0.47,0.56,1
2004-12-13,Baixa,Baixa,-1.18,0.18,2
2004-12-14,Baixa,Baixa,-1.83,-0.52,0
2004-12-15,Baixa,Baixa,-1.94,0.35,1
2004-12-16,Alta,Baixa,-1.86,0.67,2
2004-12-17,Baixa,Baixa,-2.00,-0.23,0
2004-12-20,Baixa,Baixa,-2.08,0.29,1
2004-12-21,Alta,Baixa,-2.04,-0.91,0
2004-12-22,Alta,Baixa,-2.01,0.25,1
2004-12-23,Alta,Baixa,-1.93,0.27,2
2004-12-27,Alta,Baixa,-1.70,0.41,3
2004-12-28,Alta,Baixa,-1.48,-0.03,0
2004-12-29,Alta,Baixa,-1.23,0.08,1
2004-12-30,Alta,Baixa,-0.93,0.64,2
2004-12-31,Alta,Baixa,-0.62,-0.86,0
2005-01-03,Alta,Baixa,-0.49,-0.77,0
2005-01-04,Baixa,Baixa,-0.41,-0.74,0
2005-01-05,Baixa,Baixa,-0.33,0.43,1
2005-01-06,Baixa,Baixa,-0.48,-0.50,0
2005-01-07,Baixa,Baixa,-0.82,-0.65,0
2005-01-10,Baixa,Baixa,-0.93,0.77,1
2005-01-11,Baixa,Baixa,-1.04,-0.87,0
2005-01-12,Baixa,Baixa,-1.22,-0.01,0
2005-01-13,Alta,Baixa,-1.37,-0.03,0
2005-01-14,Alta,Baixa,-1.28,0.77,1
2005-01-18,Alta,Baixa,-1.38,0.57,2
2005-01-19,Alta,Baixa,-1.40,-0.69,0
2005-01-20,Baixa,Baixa,-1.51,0.77,1
2005-01-21,Baixa,Baixa,-1.60,-0.56,0
2005-01-24,Baixa,Baixa,-1.75,-0.78,0
2005-01-25,Baixa,Baixa,-1.79,-0.31,0
2005-01-26,Alta,Baixa,-1.84,0.63,1
2005-01-27,Alta,Alta,-1.77,0.88,2
2005-01-28,Alta,Alta,-1.58,0.51,3
2005-01-31,Alta,Alta,-1.41,0.06,4
2005-02-01,Alta,Alta,-1.36,0.55,5
2005-02-02,Alta,Alta,-1.22,-0.37,0
2005-02-03,Alta,Alta,-1.19,-0.81,0
2005-02-04,Alta,Alta,-1.09,0.98,1
2005-02-07,Alta,Alta,-1.08,-0.89,0
2005-02-08,Alta,Alta,-0.86,0.53,1
2005-02-09,Alta,Alta,-0.72,-0.66,0
2005-02-10,Baixa,Alta,-0.54,-0.10,0
2005-02-11,Baixa,Alta,-0.50,0.31,1
2005-02-14,Alta,Alta,-0.43,0.45,2
2005-02-15,Alta,Alta,-0.43,0.08,3
2005-02-16,Baixa,Alta,-0.59,-0.84,0
2005-02-17,Baixa,Alta,-0.61,-0.70,0
2005-02-18,Baixa,Alta,-0.13,0.06,1
2005-02-22,Baixa,Alta,0.52,-0.76,0
2005-02-23,Baixa,Alta,0.95,0.58,1
2005-02-24,Alta,Alta,1.67,0.69,2
2005-02-25,Alta,Alta,2.37,0.47,3
2005-02-28,Alta,Alta,2.50,0.41,4
2005-03-01,Alta,Alta,2.40,-0.54,0
2005-03-02,Alta,Alta,2.59,-0.80,0
2005-03-03,Baixa,Alta,2.64,-0.18,0
2005-03-04,Baixa,Alta,2.54,0.35,1
2005-03-07,Baixa,Alta,2.45,0.14,2
2005-03-08,Baixa,Alta,2.40,-0.27,0
2005-03-09,Alta,Alta,2.25,0.02,1
2005-03-10,Baixa,Alta,2.12,-0.28,0
2005-03-11,Alta,Alta,1.92,0.11,1
2005-03-14,Baixa,Alta,1.57,-0.92,0
2005-03-15,Baixa,Alta,1.18,-0.69,0
2005-03-16,Baixa,Baixa,0.83,0.13,1
2005-03-17,Baixa,Baixa,0.59,0.10,2
2005-03-18,Baixa,Baixa,0.42,0.50,3
2005-03-21,Baixa,Baixa,0.43,-0.65,0
2005-03-22,Baixa,Baixa,0.56,-0.15,0
2005-03-23,Baixa,Baixa,0.57,-0.45,0
2005-03-24,Baixa,Baixa,0.57,-0.09,0
2005-03-28,Baixa,Baixa,0.57,0.09,1
2005-03-29,Baixa,Baixa,0.54,-0.32,0
2005-03-30,Baixa,Baixa,0.34,0.26,1
2005-03-31,Baixa,Baixa,0.31,-0.68,0
2005-04-01,Baixa,Baixa,0.18,-0.45,0
2005-04-04,Baixa,Baixa,0.12,0.71,1
2005-04-05,Alta,Baixa,0.12,0.38,2
2005-04-06,Alta,Baixa,0.33,0.33,3
2005-04-07,Alta,Alta,0.52,0.57,4
2005-04-08,Alta,Alta,0.71,0.55,5
2005-04-11,Alta,Baixa,0.74,-0.43,0
2005-04-12,Alta,Baixa,0.66,-0.18,0
2005-04-13,Baixa,Baixa,0.46,-0.86,0
2005-04-14,Baixa,Baixa,0.16,0.17,1
2005-04-15,Baixa,Baixa,-0.15,-0.78,0
2005-04-18,Baixa,Baixa,-0.35,-0.36,0
2005-04-19,Baixa,Baixa,-0.50,0.91,1
2005-04-20,Baixa,Baixa,-0.61,-0.75,0
2005-04-21,Alta,Baixa,-0.64,0.98,1
2005-04-22,Baixa,Baixa,-0.66,-0.66,0
2005-04-25,Alta,Baixa,-0.65,0.26,1
2005-04-26,Alta,Baixa,-0.62,-0.90,0
2005-04-27,Baixa,Baixa,-0.63,0.52,1
2005-04-28,Baixa,Baixa,-0.78,-0.88,0
2005-04-29,Baixa,Baixa,-0.86,-0.44,0
2005-05-02,Baixa,Baixa,-0.99,-0.38,0
2005-05-03,Baixa,Baixa,-1.11,0.27,1
2005-05-04,Alta,Baixa,-1.09,0.80,2
2005-05-05,Alta,Baixa,-0.97,0.25,3
2005-05-06,Alta,Baixa,-1.00,0.03,4
2005-05-09,Alta,Baixa,-1.08,0.41,5
2005-05-10,Baixa,Baixa,-1.22,-0.76,0
2005-05-11,Baixa,Baixa,-1.44,-0.29,0
2005-05-12,Baixa,Baixa,-1.62,0.12,1
2005-05-13,Baixa,Baixa,-1.66,-0.21,0
2005-05-16,Baixa,Baixa,-1.70,-0.20,0
2005-05-17,Alta,Baixa,-1.62,0.80,1
2005-05-18,Alta,Baixa,-1.50,0.93,2
2005-05-19,Alta,Alta,-1.35,0.71,3
2005-05-20,Alta,Alta,-1.19,0.35,4
2005-05-23,Alta,Alta,-1.00,0.15,5
2005-05-24,Alta,Alta,-0.77,-0.03,0
2005-05-25,Baixa,Baixa,-0.65,-1.00,0
2005-05-26,Alta,Alta,-0.47,0.22,1
2005-05-27,Alta,Alta,-0.32,-0.13,0
2005-05-31,Alta,Alta,-0.12,0.43,1
2005-06-01,Baixa,Alta,-0.02,-0.93,0
2005-06-02,Baixa,Baixa,0.06,-0.68,0
2005-06-03,Baixa,Baixa,0.05,0.11,1
2005-06-06,Baixa,Baixa,-0.06,-0.67,0
2005-06-07,Baixa,Baixa,-0.21,0.02,1
2005-06-08,Baixa,Baixa,-0.30,-0.54,0
2005-06-09,Baixa,Baixa,-0.33,-0.05,0
2005-06-10,Baixa,Baixa,-0.38,-0.41,0
2005-06-13,Baixa,Baixa,-0.35,-0.36,0
2005-06-14,Alta,Baixa,-0.31,-0.17,0
2005-06-15,Baixa,Baixa,-0.34,-0.30,0
2005-06-16,Baixa,Baixa,-0.47,-0.74,0
2005-06-17,Alta,Baixa,-0.61,0.57,1
2005-06-20,Alta,Baixa,-0.78,0.22,2
2005-06-21,Alta,Baixa,-0.90,0.21,3
2005-06-22,Alta,Baixa,-0.94,-0.16,0
2005-06-23,Alta,Baixa,-0.84,-0.66,0
2005-06-24,Baixa,Baixa,-0.78,-0.57,0
2005-06-27,Baixa,Baixa,-0.64,-0.19,0
2005-06-28,Alta,Baixa,-0.51,0.67,1
2005-06-29,Baixa,Baixa,-0.48,-0.13,0
2005-06-30,Alta,Baixa,-0.40,0.75,1
2005-07-01,Alta,Alta,-0.31,0.61,2
2005-07-05,Alta,Alta,-0.14,0.73,3
2005-07-06,Alta,Alta,0.01,0.96,4
2005-07-07,Alta,Alta,0.24,0.31,5
2005-07-08,Alta,Alta,0.46,0.83,6
2005-07-11,Alta,Alta,0.82,-0.67,0
2005-07-12,Alta,Alta,1.02,-0.28,0
2005-07-13,Alta,Alta,1.20,0.05,1
2005-07-14,Baixa,Alta,1.35,-0.47,0
2005-07-15,Baixa,Alta,1.34,0.07,1
2005-07-18,Baixa,Alta,1.17,-0.87,0
2005-07-19,Baixa,Alta,1.03,0.00,0
2005-07-20,Baixa,Alta,0.90,0.92,1
2005-07-21,Alta,Alta,0.89,0.68,2
2005-07-22,Alta,Alta,1.03,0.60,3
2005-07-25,Alta,Alta,1.20,-0.71,0
2005-07-26,Alta,Alta,1.30,-0.70,0
2005-07-27,Alta,Alta,1.45,0.89,1
2005-07-28,Alta,Alta,1.49,-0.15,0
2005-07-29,Alta,Alta,1.37,-0.73,0
2005-08-01,Baixa,Alta,1.20,-0.14,0
2005-08-02,Alta,Alta,1.10,0.73,1
2005-08-03,Alta,Alta,0.94,-0.61,0
2005-08-04,Alta,Alta,0.76,0.57,1
2005-08-05,Alta,Alta,0.77,0.07,2
2005-08-08,Baixa,Alta,0.78,-0.58,0
2005-08-09,Baixa,Alta,0.76,-0.08,0
2005-08-10,Alta,Alta,0.76,0.91,1
2005-08-11,Alta,Alta,0.85,0.10,2
2005-08-12,Alta,Alta,0.86,-0.69,0
2005-08-15,Baixa,Alta,0.92,-0.48,0
2005-08-16,Baixa,Alta,1.06,0.02,1
2005-08-17,Baixa,Alta,1.20,0.27,2
2005-08-18,Alta,Alta,1.34,0.57,3
2005-08-19,Alta,Alta,1.47,0.25,4
2005-08-22,Alta,Alta,1.64,0.46,5
2005-08-23,Alta,Alta,1.78,-0.48,0
2005-08-24,Alta,Alta,1.87,-0.35,0
2005-08-25,Alta,Alta,1.96,0.17,1
2005-08-26,Alta,Alta,2.08,-0.43,0
2005-08-29,Alta,Alta,2.13,-0.27,0
2005-08-30,Alta,Alta,2.17,0.11,1
2005-08-31,Alta,Alta,2.22,-0.42,0
2005-09-01,Alta,Alta,2.17,0.16,1
2005-09-02,Alta,Alta,2.18,0.85,2
2005-09-06,Alta,Alta,2.26,0.11,3
2005-09-07,Alta,Alta,2.41,0.78,4
2005-09-08,Alta,Alta,2.58,-0.60,0
2005-09-09,Alta,Alta,2.75,-0.83,0
2005-09-12,Alta,Alta,2.79,-0.39,0
2005-09-13,Baixa,Alta,2.71,-0.81,0
2005-09-14,Baixa,Alta,2.52,0.67,1
2005-09-15,Baixa,Alta,2.28,-0.35,0
2005-09-16,Baixa,Alta,2.06,-0.66,0
2005-09-19,Alta,Alta,1.81,0.38,1
2005-09-20,Baixa,Alta,1.66,-0.85,0
2005-09-21,Alta,Alta,1.58,0.73,1
2005-09-22,Alta,Alta,1.57,0.68,2
2005-09-23,Baixa,Alta,1.54,-0.52,0
2005-09-26,Alta,Alta,1.61,0.03,1
2005-09-27,Alta,Alta,1.78,0.63,2
2005-09-28,Alta,Alta,1.90,-0.80,0
2005-09-29,Alta,Alta,1.97,-0.44,0
2005-09-30,Baixa,Alta,1.98,-0.38,0
2005-10-03,Baixa,Alta,1.89,-0.89,0
2005-10-04,Baixa,Alta,1.69,0.21,1
2005-10-05,Baixa,Alta,1.51,-0.25,0
2005-10-06,Baixa,Baixa,1.25,-0.50,0
2005-10-07,Baixa,Baixa,1.03,0.35,1
2005-10-10,Baixa,Baixa,0.90,-0.77,0
2005-10-11,Baixa,Baixa,0.78,-0.16,0
2005-10-12,Baixa,Baixa,0.59,-0.36,0
2005-10-13,Baixa,Baixa,0.51,0.36,1
2005-10-14,Baixa,Baixa,0.41,-0.60,0
2005-10-17,Baixa,Baixa,0.31,0.67,1
2005-10-18,Baixa,Baixa,0.20,-0.55,0
2005-10-19,Baixa,Baixa,0.19,0.46,1
2005-10-20,Baixa,Baixa,0.08,-0.75,0
2005-10-21,Baixa,Baixa,0.05,0.68,1
2005-10-24,Alta,Baixa,0.05,0.03,2
2005-10-25,Baixa,Baixa,0.04,-0.67,0
2005-10-26,Alta,Baixa,0.02,0.41,1
2005-10-27,Baixa,Baixa,0.07,-0.82,0
2005-10-28,Alta,Baixa,0.10,0.77,1
2005-10-31,Alta,Baixa,0.06,-0.74,0
2005-11-01,Alta,Baixa,0.03,0.13,1
2005-11-02,Alta,Baixa,0.01,0.48,2
2005-11-03,Alta,Alta,0.12,0.58,3
2005-11-04,Alta,Alta,0.15,-0.32,0
2005-11-07,Alta,Alta,0.18,0.14,1
2005-11-08,Alta,Alta,0.21,0.50,2
2005-11-09,Alta,Alta,0.23,-0.18,0
2005-11-10,Alta,Alta,0.18,-0.29,0
2005-11-11,Baixa,Alta,0.17,-0.56,0
2005-11-14,Alta,Alta,0.11,-0.14,0
2005-11-15,Baixa,Baixa,0.02,-0.36,0
2005-11-16,Alta,Alta,-0.06,0.98,1
2005-11-17,Alta,Alta,-0.13,0.33,2
2005-11-18,Alta,Alta,-0.16,-0.58,0
2005-11-21,Alta,Alta,-0.10,0.67,1
2005-11-22,Alta,Alta,0.00,-0.76,0
2005-11-23,Baixa,Alta,0.02,-0.38,0
2005-11-25,Alta,Alta,0.10,0.69,1
2005-11-28,Alta,Alta,0.15,0.01,2
2005-11-29,Alta,Alta,0.19,0.62,3
2005-11-30,Alta,Alta,0.24,-0.07,0
2005-12-01,Alta,Alta,0.36,0.30,1
2005-12-02,Alta,Alta,0.42,0.42,2
2005-12-05,Alta,Alta,0.50,0.42,3
2005-12-06,Alta,Alta,0.55,0.44,4
2005-12-07,Baixa,Alta,0.45,-0.58,0
2005-12-08,Baixa,Alta,0.35,-0.76,0
2005-12-09,Baixa,Alta,0.24,-0.31,0
2005-12-12,Baixa,Alta,0.07,-0.86,0
2005-12-13,Baixa,Alta,-0.08,-0.16,0
2005-12-14,Baixa,Alta,-0.11,-0.19,0
2005-12-15,Baixa,Alta,-0.11,-0.16,0
2005-12-16,Baixa,Alta,-0.03,-0.64,0
2005-12-19,Baixa,Alta,0.10,0.40,1
2005-12-20,Baixa,Alta,0.21,0.10,2
2005-12-21,Alta,Alta,0.34,0.32,3
2005-12-22,Alta,Alta,0.54,0.53,4
2005-12-23,Alta,Alta,0.68,-0.90,0
2005-12-27,Alta,Alta,0.83,-0.52,0
2005-12-28,Alta,Alta,0.96,0.64,1
2005-12-29,Alta,Alta,1.15,0.48,2
2005-12-30,Alta,Alta,1.18,-0.66,0
2006-01-03,Alta,Alta,1.31,0.89,1
2006-01-04,Alta,Alta,1.44,0.61,2
2006-01-05,Alta,Alta,1.57,0.14,3
2006-01-06,Alta,Alta,1.68,0.07,4
2006-01-09,Alta,Alta,1.82,-0.52,0
2006-01-10,Alta,Alta,1.85,-0.77,0
2006-01-11,Alta,Alta,1.87,0.66,1
2006-01-12,Alta,Alta,1.91,-0.35,0
2006-01-13,Alta,Alta,1.94,-0.67,0
2006-01-17,Alta,Alta,1.90,-0.63,0
2006-01-18,Baixa,Alta,1.75,-0.26,0
2006-01-19,Alta,Alta,1.67,0.88,1
2006-01-20,Alta,Alta,1.56,-0.60,0
2006-01-23,Alta,Alta,1.43,0.17,1
2006-01-24,Alta,Alta,1.40,-0.01,0
2006-01-25,Baixa,Alta,1.42,-0.77,0
2006-01-26,Baixa,Alta,1.36,-0.49,0
2006-01-27,Baixa,Alta,1.29,-0.57,0
2006-01-30,Baixa,Alta,1.17,0.49,1
2006-01-31,Baixa,Alta,1.03,0.58,2
2006-02-01,Baixa,Alta,0.91,0.14,3
2006-02-02,Alta,Alta,0.81,0.25,4
2006-02-03,Baixa,Alta,0.65,-0.61,0
2006-02-06,Baixa,Alta,0.57,-0.34,0
2006-02-07,Baixa,Baixa,0.52,-0.66,0
2006-02-08,Baixa,Baixa,0.42,-0.06,0
2006-02-09,Baixa,Baixa,0.26,-0.44,0
2006-02-10,Baixa,Baixa,0.19,0.25,1
2006-02-13,Baixa,Baixa,0.05,-0.90,0
2006-02-14,Baixa,Baixa,-0.13,-0.22,0
2006-02-15,Alta,Baixa,-0.20,0.51,1
2006-02-16,Alta,Alta,-0.21,0.68,2
2006-02-17,Alta,Baixa,-0.23,-0.15,0
2006-02-21,Baixa,Baixa,-0.22,-0.34,0
2006-02-22,Baixa,Baixa,-0.15,-0.16,0
2006-02-23,Baixa,Baixa,-0.11,0.54,1
2006-02-24,Baixa,Baixa,-0.02,-0.23,0
2006-02-27,Baixa,Baixa,0.11,0.24,1
2006-02-28,Baixa,Baixa,0.18,-0.99,0
2006-03-01,Baixa,Baixa,0.26,0.81,1
2006-03-02,Alta,Baixa,0.37,0.30,2
2006-03-03,Baixa,Baixa,0.35,-0.68,0
2006-03-06,Baixa,Baixa,0.33,0.27,1
2006-03-07,Baixa,Baixa,0.32,-0.14,0
2006-03-08,Baixa,Baixa,0.19,-0.44,0
2006-03-09,Baixa,Baixa,0.01,-0.52,0
2006-03-10,Baixa,Baixa,-0.13,-0.58,0
2006-03-13,Baixa,Baixa,-0.28,0.00,0
2006-03-14,Baixa,Baixa,-0.40,-0.17,0
2006-03-15,Baixa,Baixa,-0.44,0.22,1
2006-03-16,Baixa,Baixa,-0.52,0.17,2
2006-03-17,Alta,Baixa,-0.60,0.61,3
2006-03-20,Alta,Baixa,-0.58,0.64,4
2006-03-21,Alta,Baixa,-0.59,-0.62,0
2006-03-22,Alta,Baixa,-0.57,0.34,1
2006-03-23,Alta,Alta,-0.45,0.64,2
2006-03-24,Alta,Baixa,-0.41,-0.12,0
2006-03-27,Baixa,Baixa,-0.50,-0.44,0
2006-03-28,Baixa,Baixa,-0.68,-0.65,0
2006-03-29,Baixa,Baixa,-0.84,-0.16,0
2006-03-30,Baixa,Baixa,-0.99,-0.07,0
2006-03-31,Baixa,Baixa,-1.14,0.16,1
2006-04-03,Baixa,Baixa,-1.20,0.03,2
2006-04-04,Baixa,Baixa,-1.17,-0.37,0
2006-04-05,Baixa,Baixa,-1.20,0.10,1
2006-04-06,Alta,Baixa,-1.22,0.31,2
2006-04-07,Alta,Baixa,-1.10,0.37,3
2006-04-10,Alta,Alta,-0.96,0.10,4
2006-04-11,Alta,Baixa,-0.79,-0.52,0
2006-04-12,Alta,Alta,-0.62,0.53,1
2006-04-13,Alta,Alta,-0.50,0.25,2
2006-04-17,Alta,Alta,-0.45,-0.10,0
2006-04-18,Alta,Alta,-0.39,-0.56,0
2006-04-19,Alta,Alta,-0.30,0.59,1
2006-04-20,Alta,Alta,-0.16,-0.36,0
2006-04-21,Alta,Alta,-0.02,-0.62,0
2006-04-24,Alta,Alta,0.17,-0.10,0
2006-04-25,Alta,Alta,0.31,-0.07,0
2006-04-26,Alta,Alta,0.41,-0.31,0
2006-04-27,Baixa,Alta,0.45,-0.20,0
2006-04-28,Baixa,Alta,0.45,0.13,1
2006-05-01,Baixa,Alta,0.38,0.25,2
2006-05-02,Baixa,Alta,0.33,-0.01,0
2006-05-03,Baixa,Alta,0.26,-0.73,0
2006-05-04,Alta,Alta,0.31,0.73,1
2006-05-05,Alta,Alta,0.45,-0.18,0
2006-05-08,Alta,Alta,0.66,0.57,1
2006-05-09,Alta,Alta,0.87,0.21,2
2006-05-10,Alta,Alta,1.09,-0.69,0
2006-05-11,Alta,Alta,1.16,-0.73,0
2006-05-12,Baixa,Alta,1.12,-0.41,0
2006-05-15,Baixa,Alta,0.99,0.21,1
2006-05-16,Baixa,Alta,0.84,-0.09,0
2006-05-17,Baixa,Baixa,0.59,-0.77,0
2006-05-18,Baixa,Baixa,0.40,-0.75,0
2006-05-19,Baixa,Baixa,0.25,0.12,1
2006-05-22,Baixa,Baixa,0.00,-0.72,0
2006-05-23,Baixa,Baixa,-0.21,-0.83,0
2006-05-24,Baixa,Baixa,-0.39,-0.40,0
2006-05-25,Baixa,Baixa,-0.46,0.47,1
2006-05-26,Alta,Baixa,-0.45,0.73,2
2006-05-30,Alta,Baixa,-0.38,-0.81,0
2006-05-31,Alta,Baixa,-0.43,0.48,1
2006-06-01,Alta,Baixa,-0.31,0.46,2
2006-06-02,Alta,Alta,-0.14,0.82,3
2006-06-05,Alta,Alta,-0.11,-0.55,0
2006-06-06,Alta,Alta,-0.03,-0.73,0
2006-06-07,Alta,Alta,0.17,0.63,1
2006-06-08,Baixa,Baixa,0.26,-0.03,0
2006-06-09,Baixa,Baixa,0.17,-0.27,0
2006-06-12,Baixa,Baixa,0.06,-0.97,0
2006-06-13,Baixa,Baixa,-0.06,-0.18,0
2006-06-14,Baixa,Baixa,-0.16,0.64,1
2006-06-15,Alta,Baixa,-0.17,0.88,2
2006-06-16,Baixa,Baixa,-0.23,-0.96,0
2006-06-19,Baixa,Baixa,-0.28,-0.89,0
2006-06-20,Baixa,Baixa,-0.30,0.28,1
2006-06-21,Alta,Baixa,-0.33,0.63,2
2006-06-22,Baixa,Baixa,-0.48,-0.19,0
2006-06-23,Alta,Baixa,-0.56,0.61,1
2006-06-26,Alta,Baixa,-0.59,0.62,2
2006-06-27,Alta,Baixa,-0.54,0.60,3
2006-06-28,Alta,Baixa,-0.53,0.20,4
2006-06-29,Alta,Alta,-0.46,0.83,5
2006-06-30,Alta,Alta,-0.40,0.38,6
2006-07-03,Alta,Alta,-0.29,0.03,7
2006-07-05,Alta,Alta,-0.26,-0.48,0
2006-07-06,Alta,Alta,-0.19,0.63,1
2006-07-07,Alta,Alta,-0.20,-0.73,0
2006-07-10,Baixa,Alta,-0.16,0.52,1
2006-07-11,Baixa,Alta,-0.17,0.07,2
2006-07-12,Baixa,Alta,-0.18,-0.40,0
2006-07-13,Baixa,Alta,-0.24,-0.38,0
2006-07-14,Baixa,Baixa,-0.26,-0.33,0
2006-07-17,Baixa,Baixa,-0.42,-0.43,0
2006-07-18,Baixa,Baixa,-0.64,-0.01,0
2006-07-19,Baixa,Alta,-0.84,0.58,1
2006-07-20,Baixa,Baixa,-1.07,-0.75,0
2006-07-21,Baixa,Alta,-1.26,-0.07,0
2006-07-24,Alta,Alta,-1.25,0.84,1
2006-07-25,Alta,Alta,-1.11,0.13,2
2006-07-26,Alta,Alta,-0.86,0.37,3
2006-07-27,Alta,Alta,-0.52,-0.19,0
2006-07-28,Alta,Alta,-0.07,0.70,1
2006-07-31,Alta,Alta,0.32,-0.02,0
2006-08-01,Alta,Alta,0.66,-0.23,0
2006-08-02,Alta,Alta,1.16,0.13,1
2006-08-03,Alta,Alta,1.56,0.28,2
2006-08-04,Alta,Alta,1.88,0.35,3
2006-08-07,Alta,Alta,2.03,-0.38,0
2006-08-08,Baixa,Alta,2.08,-0.56,0
2006-08-09,Alta,Alta,2.00,0.63,1
2006-08-10,Alta,Alta,1.96,0.42,2
2006-08-11,Alta,Alta,1.77,0.18,3
2006-08-14,Baixa,Alta,1.44,-0.68,0
2006-08-15,Baixa,Alta,1.27,-0.19,0
2006-08-16,Alta,Alta,1.06,-0.18,0
2006-08-17,Baixa,Alta,0.83,-0.79,0
2006-08-18,Baixa,Alta,0.71,-0.25,0
2006-08-21,Alta,Alta,0.94,0.85,1
2006-08-22,Alta,Alta,1.22,-0.62,0
2006-08-23,Alta,Alta,1.46,-0.11,0
2006-08-24,Alta,Alta,1.67,-0.48,0
2006-08-25,Alta,Alta,1.77,-0.10,0
2006-08-28,Alta,Alta,1.86,0.88,1
2006-08-29,Alta,Alta,2.04,0.84,2
2006-08-30,Alta,Alta,2.18,0.05,3
2006-08-31,Alta,Alta,2.32,-0.50,0
2006-09-01,Alta,Alta,2.70,0.89,1
2006-09-05,Alta,Alta,3.08,0.99,2
2006-09-06,Alta,Alta,3.21,-0.47,0
2006-09-07,Alta,Alta,3.28,0.67,1
2006-09-08,Alta,Alta,3.45,0.43,2
2006-09-11,Baixa,Alta,3.29,-0.91,0
2006-09-12,Alta,Alta,3.09,0.83,1
2006-09-13,Alta,Alta,2.99,0.88,2
2006-09-14,Alta,Alta,2.95,-0.48,0
2006-09-15,Alta,Alta,2.92,0.55,1
2006-09-18,Alta,Alta,3.09,-0.22,0
2006-09-19,Alta,Alta,3.19,-0.24,0
2006-09-20,Alta,Alta,3.23,-0.15,0
2006-09-21,Alta,Alta,3.31,0.34,1
2006-09-22,Baixa,Alta,3.32,-0.28,0
2006-09-25,Baixa,Alta,3.28,-0.29,0
2006-09-26,Baixa,Alta,3.24,-0.18,0
2006-09-27,Alta,Alta,3.29,0.72,1
2006-09-28,Baixa,Alta,3.22,-0.64,0
2006-09-29,Baixa,Alta,3.19,-0.25,0
2006-10-02,Baixa,Alta,3.14,-0.68,0
2006-10-03,Baixa,Alta,3.02,0.14,1
2006-10-04,Alta,Alta,2.89,0.86,2
2006-10-05,Alta,Alta,2.88,0.64,3
2006-10-06,Alta,Alta,2.79,-0.54,0
2006-10-09,Alta,Alta,2.66,-0.10,0
2006-10-10,Baixa,Alta,2.63,-0.21,0
2006-10-11,Baixa,Alta,2.53,-0.65,0
2006-10-12,Alta,Alta,2.39,0.93,1
2006-10-13,Alta,Alta,2.36,0.44,2
2006-10-16,Alta,Alta,2.38,0.04,3
2006-10-17,Alta,Alta,2.36,-0.70,0
2006-10-18,Alta,Alta,2.40,0.23,1
2006-10-19,Alta,Alta,2.38,-0.03,0
2006-10-20,Alta,Alta,2.32,0.45,1
2006-10-23,Alta,Alta,2.27,0.69,2
2006-10-24,Alta,Alta,2.36,0.71,3
2006-10-25,Alta,Alta,2.44,0.34,4
2006-10-26,Alta,Alta,2.55,-0.63,0
2006-10-27,Alta,Alta,2.66,-0.85,0
2006-10-30,Alta,Alta,2.78,0.02,1
2006-10-31,Alta,Alta,2.76,0.63,2
2006-11-01,Baixa,Alta,2.67,-0.67,0
2006-11-02,Baixa,Alta,2.60,0.07,1
2006-11-03,Baixa,Alta,2.50,-0.46,0
2006-11-06,Alta,Alta,2.43,0.56,1
2006-11-07,Baixa,Alta,2.36,-0.70,0
2006-11-08,Alta,Alta,2.24,0.39,1
2006-11-09,Alta,Alta,2.13,-0.43,0
2006-11-10,Alta,Alta,2.05,-0.16,0
2006-11-13,Alta,Alta,1.87,0.59,1
2006-11-14,Alta,Alta,1.63,-0.39,0
2006-11-15,Alta,Alta,1.55,0.56,1
2006-11-16,Alta,Alta,1.45,0.10,2
2006-11-17,Baixa,Alta,1.29,-0.68,0
2006-11-20,Alta,Alta,1.31,0.89,1
2006-11-21,Alta,Alta,1.41,0.52,2
2006-11-22,Alta,Alta,1.42,-0.07,0
2006-11-24,Alta,Alta,1.44,0.29,1
2006-11-27,Baixa,Alta,1.40,-0.98,0
2006-11-28,Baixa,Alta,1.24,0.16,1
2006-11-29,Alta,Alta,1.27,0.72,2
2006-11-30,Alta,Alta,1.43,0.55,3
2006-12-01,Alta,Alta,1.57,0.14,4
2006-12-04,Alta,Alta,2.02,0.77,5
2006-12-05,Alta,Alta,2.50,0.60,6
2006-12-06,Alta,Alta,2.81,-0.55,0
2006-12-07,Alta,Alta,2.99,0.49,1
2006-12-08,Alta,Alta,3.17,-0.05,0
2006-12-11,Alta,Alta,3.17,0.42,1
2006-12-12,Baixa,Alta,3.12,-0.61,0
2006-12-13,Baixa,Alta,3.01,-0.86,0
2006-12-14,Baixa,Alta,2.84,0.06,1
2006-12-15,Baixa,Alta,2.61,0.59,2
2006-12-18,Baixa,Alta,2.44,0.16,3
2006-12-19,Baixa,Alta,2.28,0.05,4
2006-12-20,Baixa,Alta,2.21,-0.12,0
2006-12-21,Alta,Alta,2.26,0.24,1
2006-12-22,Alta,Alta,2.26,-0.40,0
2006-12-26,Alta,Alta,2.23,0.62,1
2006-12-27,Alta,Alta,2.24,0.79,2
2006-12-28,Alta,Alta,2.29,-0.17,0
2006-12-29,Alta,Alta,2.26,-0.74,0
2007-01-03,Alta,Alta,2.29,-0.81,0
2007-01-04,Baixa,Alta,2.31,-0.22,0
2007-01-05,Baixa,Alta,2.18,-0.87,0
2007-01-08,Baixa,Alta,2.00,0.29,1
2007-01-09,Baixa,Alta,1.76,-0.89,0
2007-01-10,Baixa,Alta,1.56,0.81,1
2007-01-11,Alta,Alta,1.46,0.58,2
2007-01-12,Alta,Alta,1.46,-0.43,0
2007-01-16,Alta,Alta,1.41,-0.58,0
2007-01-17,Alta,Alta,1.55,0.55,1
2007-01-18,Alta,Alta,1.64,-0.47,0
2007-01-19,Alta,Alta,1.70,0.60,1
2007-01-22,Alta,Alta,1.84,0.63,2
2007-01-23,Alta,Alta,2.09,0.61,3
2007-01-24,Alta,Alta,2.30,0.45,4
2007-01-25,Alta,Alta,2.46,-0.87,0
2007-01-26,Alta,Alta,2.58,-0.09,0
2007-01-29,Alta,Alta,2.57,-0.35,0
2007-01-30,Alta,Alta,2.55,0.71,1
2007-01-31,Alta,Alta,2.45,-0.45,0
2007-02-01,Alta,Alta,2.47,0.03,1
2007-02-02,Alta,Alta,2.48,0.05,2
2007-02-05,Alta,Alta,2.52,0.30,3
2007-02-06,Alta,Alta,2.48,0.16,4
2007-02-07,Alta,Alta,2.46,0.10,5
2007-02-08,Baixa,Alta,2.35,0.31,6
2007-02-09,Baixa,Alta,2.27,-0.52,0
2007-02-12,Baixa,Alta,2.19,-0.33,0
2007-02-13,Baixa,Alta,2.04,0.28,1
2007-02-14,Alta,Alta,1.88,0.65,2
2007-02-15,Baixa,Alta,1.70,-0.84,0
2007-02-16,Alta,Alta,1.36,0.15,1
2007-02-20,Alta,Alta,1.16,0.73,2
2007-02-21,Baixa,Alta,0.95,-0.86,0
2007-02-22,Baixa,Alta,0.76,-0.27,0
2007-02-23,Baixa,Alta,0.66,-0.08,0
2007-02-26,Baixa,Alta,0.68,-0.24,0
2007-02-27,Baixa,Baixa,0.44,-0.75,0
2007-02-28,Baixa,Baixa,0.40,0.42,1
2007-03-01,Baixa,Baixa,0.40,0.04,2
2007-03-02,Baixa,Baixa,0.40,0.42,3
2007-03-05,Baixa,Baixa,0.30,-0.06,0
2007-03-06,Alta,Alta,0.48,0.80,1
2007-03-07,Alta,Alta,0.57,0.30,2
2007-03-08,Alta,Alta,0.76,0.72,3
2007-03-09,Alta,Alta,0.90,-0.44,0
2007-03-12,Alta,Alta,1.13,-0.30,0
2007-03-13,Baixa,Alta,1.08,-0.86,0
2007-03-14,Baixa,Alta,1.04,0.42,1
2007-03-15,Alta,Alta,0.95,0.49,2
2007-03-16,Alta,Alta,0.90,0.73,3
2007-03-19,Alta,Alta,1.02,0.66,4
2007-03-20,Alta,Alta,1.36,-0.61,0
2007-03-21,Alta,Alta,1.66,0.44,1
2007-03-22,Alta,Alta,1.97,0.21,2
2007-03-23,Alta,Alta,2.27,0.85,3
2007-03-26,Alta,Alta,2.35,0.18,4
2007-03-27,Alta,Alta,2.36,-0.46,0
2007-03-28,Alta,Alta,2.43,0.63,1
2007-03-29,Alta,Alta,2.34,-0.43,0
2007-03-30,Baixa,Alta,2.24,-0.84,0
2007-04-02,Alta,Alta,2.22,0.96,1
2007-04-03,Alta,Alta,2.14,-0.67,0
2007-04-04,Alta,Alta,1.95,0.25,1
2007-04-05,Baixa,Alta,1.76,-0.43,0
2007-04-09,Alta,Alta,1.69,0.32,1
2007-04-10,Baixa,Alta,1.51,-0.89,0
2007-04-11,Baixa,Alta,1.38,-0.38,0
2007-04-12,Baixa,Alta,1.29,0.93,1
2007-04-13,Baixa,Alta,1.31,0.14,2
2007-04-16,Baixa,Alta,1.18,-0.13,0
2007-04-17,Baixa,Alta,1.13,-0.09,0
2007-04-18,Alta,Alta,1.11,0.36,1
2007-04-19,Alta,Alta,1.08,0.38,2
2007-04-20,Baixa,Alta,1.02,-0.61,0
2007-04-23,Baixa,Alta,1.01,-0.25,0
2007-04-24,Baixa,Alta,1.04,0.14,1
2007-04-25,Baixa,Alta,1.08,-0.89,0
2007-04-26,Alta,Alta,1.12,0.19,1
2007-04-27,Alta,Alta,1.17,0.27,2
2007-04-30,Alta,Alta,1.19,-0.31,0
2007-05-01,Alta,Alta,1.18,0.18,1
2007-05-02,Alta,Alta,1.18,0.82,2
2007-05-03,Alta,Alta,1.30,-0.00,0
2007-05-04,Alta,Alta,1.42,0.12,1
2007-05-07,Alta,Alta,1.59,0.70,2
2007-05-08,Alta,Alta,1.71,-0.59,0
2007-05-09,Alta,Alta,2.00,0.64,1
2007-05-10,Baixa,Alta,2.05,-0.97,0
2007-05-11,Baixa,Alta,2.16,0.99,1
2007-05-14,Alta,Alta,2.24,0.58,2
2007-05-15,Alta,Alta,2.42,0.33,3
2007-05-16,Baixa,Alta,2.26,-0.47,0
2007-05-17,Baixa,Alta,2.22,-0.16,0
2007-05-18,Baixa,Alta,2.00,-0.15,0
2007-05-21,Alta,Alta,1.85,-0.25,0
2007-05-22,Baixa,Alta,1.61,-0.53,0
2007-05-23,Alta,Alta,1.60,-0.40,0
2007-05-24,Baixa,Alta,1.57,0.24,1
2007-05-25,Alta,Alta,1.68,-0.18,0
2007-05-29,Alta,Alta,1.67,0.12,1
2007-05-30,Alta,Alta,1.60,0.35,2
2007-05-31,Alta,Alta,1.44,-0.40,0
2007-06-01,Alta,Alta,1.34,0.39,1
2007-06-04,Baixa,Alta,1.13,-0.37,0
2007-06-05,Baixa,Alta,0.94,0.12,1
2007-06-06,Baixa,Alta,0.85,0.17,2
2007-06-07,Baixa,Baixa,0.69,-0.70,0
2007-06-08,Baixa,Baixa,0.49,0.65,1
2007-06-11,Baixa,Alta,0.44,0.64,2
2007-06-12,Baixa,Baixa,0.40,0.04,3
2007-06-13,Alta,Alta,0.39,0.83,4
2007-06-14,Alta,Alta,0.47,0.82,5
2007-06-15,Alta,Alta,0.65,0.52,6
2007-06-18,Alta,Alta,0.81,-0.33,0
2007-06-19,Alta,Alta,0.92,-0.27,0
2007-06-20,Alta,Alta,1.02,-0.79,0
2007-06-21,Alta,Alta,1.13,-0.15,0
2007-06-22,Baixa,Alta,1.13,-0.06,0
2007-06-25,Alta,Alta,1.11,0.36,1
2007-06-26,Baixa,Alta,1.09,-0.52,0
2007-06-27,Alta,Alta,1.11,0.57,1
2007-06-28,Baixa,Alta,1.04,-0.28,0
2007-06-29,Baixa,Alta,1.04,0.25,1
2007-07-02,Alta,Alta,1.07,0.99,2
2007-07-03,Alta,Alta,1.19,0.69,3
2007-07-05,Alta,Alta,1.27,0.05,4
2007-07-06,Alta,Alta,1.42,0.19,5
2007-07-09,Alta,Alta,1.55,-0.33,0
2007-07-10,Baixa,Alta,1.51,-0.53,0
2007-07-11,Alta,Alta,1.48,0.45,1
2007-07-12,Alta,Alta,1.51,0.62,2
2007-07-13,Alta,Alta,1.51,0.67,3
2007-07-16,Alta,Alta,1.41,-0.85,0
2007-07-17,Alta,Alta,1.42,-0.49,0
2007-07-18,Baixa,Alta,1.28,0.08,1
2007-07-19,Alta,Alta,1.18,0.80,2
2007-07-20,Baixa,Alta,1.04,-0.68,0
2007-07-23,Baixa,Alta,1.08,-0.51,0
2007-07-24,Baixa,Alta,0.98,-0.28,0
2007-07-25,Baixa,Alta,0.89,-0.55,0
2007-07-26,Baixa,Baixa,0.64,-0.72,0
2007-07-27,Baixa,Baixa,0.48,0.32,1
2007-07-30,Baixa,Baixa,0.30,0.80,2
2007-07-31,Alta,Alta,0.29,-0.82,0
2007-08-01,Alta,Alta,0.30,0.14,1
2007-08-02,Alta,Alta,0.48,0.47,2
2007-08-03,Alta,Alta,0.56,-0.67,0
2007-08-06,Alta,Baixa,0.57,-0.24,0
2007-08-07,Alta,Alta,0.52,0.64,1
2007-08-08,Alta,Alta,0.63,0.80,2
2007-08-09,Baixa,Alta,0.54,0.20,3
2007-08-10,Baixa,Baixa,0.48,-0.05,0
2007-08-13,Baixa,Baixa,0.42,-0.71,0
2007-08-14,Baixa,Baixa,0.40,-0.49,0
2007-08-15,Baixa,Baixa,0.16,-0.61,0
2007-08-16,Baixa,Baixa,-0.01,-0.12,0
2007-08-17,Baixa,Baixa,-0.01,-0.06,0
2007-08-20,Baixa,Baixa,0.00,-0.13,0
2007-08-21,Alta,Baixa,0.01,0.30,1
2007-08-22,Alta,Baixa,0.21,0.19,2
2007-08-23,Alta,Baixa,0.37,-0.67,0
2007-08-24,Alta,Alta,0.47,0.96,1
2007-08-27,Alta,Alta,0.52,0.34,2
2007-08-28,Alta,Alta,0.46,-0.83,0
2007-08-29,Alta,Alta,0.45,0.79,1
2007-08-30,Alta,Alta,0.74,0.42,2
2007-08-31,Alta,Alta,0.89,-0.65,0
2007-09-04,Alta,Alta,1.18,0.67,1
2007-09-05,Alta,Alta,1.49,-0.37,0
2007-09-06,Alta,Alta,1.77,0.27,1
2007-09-07,Alta,Alta,1.74,0.05,2
2007-09-10,Alta,Alta,1.84,0.27,3
2007-09-11,Alta,Alta,1.85,0.18,4
2007-09-12,Alta,Alta,1.98,0.51,5
2007-09-13,Alta,Alta,2.07,0.84,6
2007-09-14,Alta,Alta,2.19,-0.36,0
2007-09-17,Alta,Alta,2.19,-0.28,0
2007-09-18,Alta,Alta,2.24,0.42,1
2007-09-19,Alta,Alta,2.30,-0.41,0
2007-09-20,Alta,Alta,2.26,0.35,1
2007-09-21,Alta,Alta,2.26,-0.07,0
2007-09-24,Alta,Alta,2.24,-0.39,0
2007-09-25,Baixa,Alta,2.17,-0.26,0
2007-09-26,Baixa,Alta,2.09,-0.32,0
2007-09-27,Alta,Alta,2.07,-0.14,0
2007-09-28,Baixa,Alta,2.01,-0.76,0
2007-10-01,Alta,Alta,2.12,0.72,1
2007-10-02,Alta,Alta,2.17,-0.61,0
2007-10-03,Baixa,Alta,2.16,-0.79,0
2007-10-04,Baixa,Alta,2.23,0.52,1
2007-10-05,Alta,Alta,2.59,0.62,2
2007-10-08,Alta,Alta,2.85,-0.18,0
2007-10-09,Alta,Alta,3.12,0.35,1
2007-10-10,Alta,Alta,3.46,0.13,2
2007-10-11,Alta,Alta,3.69,-0.13,0
2007-10-12,Alta,Alta,3.73,0.74,1
2007-10-15,Alta,Alta,3.80,-0.60,0
2007-10-16,Alta,Alta,3.82,-0.47,0
2007-10-17,Alta,Alta,3.85,-0.22,0
2007-10-18,Alta,Alta,3.80,0.82,1
2007-10-19,Baixa,Alta,3.64,-0.84,0
2007-10-22,Baixa,Alta,3.46,0.07,1
2007-10-23,Alta,Alta,3.45,0.56,2
2007-10-24,Alta,Alta,3.44,-0.34,0
2007-10-25,Alta,Alta,3.63,0.13,1
2007-10-26,Alta,Alta,4.07,0.65,2
2007-10-29,Alta,Alta,4.58,0.78,3
2007-10-30,Alta,Alta,4.82,-0.94,0
2007-10-31,Alta,Alta,4.98,-0.37,0
2007-11-01,Baixa,Alta,4.84,-0.45,0
2007-11-02,Baixa,Alta,4.53,0.18,1
2007-11-05,Baixa,Alta,3.99,-0.56,0
2007-11-06,Baixa,Alta,3.69,0.73,1
2007-11-07,Baixa,Alta,3.39,-0.68,0
2007-11-08,Alta,Alta,3.34,0.95,1
2007-11-09,Alta,Alta,3.04,-0.85,0
2007-11-12,Baixa,Alta,2.83,-0.41,0
2007-11-13,Baixa,Alta,2.54,0.40,1
2007-11-14,Baixa,Alta,2.27,-0.89,0
2007-11-15,Baixa,Alta,1.88,-0.58,0
2007-11-16,Alta,Alta,1.83,0.48,1
2007-11-19,Baixa,Alta,1.79,-0.40,0
2007-11-20,Alta,Alta,1.82,0.36,1
2007-11-21,Alta,Alta,1.77,0.42,2
2007-11-23,Alta,Alta,1.82,0.81,3
2007-11-26,Alta,Alta,1.88,0.72,4
2007-11-27,Alta,Alta,2.07,0.00,0
2007-11-28,Alta,Alta,2.24,0.55,1
2007-11-29,Alta,Alta,2.39,-0.54,0
2007-11-30,Baixa,Alta,2.46,-0.95,0
2007-12-03,Baixa,Alta,2.42,0.09,1
2007-12-04,Alta,Alta,2.34,0.64,2
2007-12-05,Alta,Alta,2.44,0.75,3
2007-12-06,Alta,Alta,2.65,-0.19,0
2007-12-07,Alta,Alta,2.98,0.35,1
2007-12-10,Alta,Alta,3.42,0.52,2
2007-12-11,Baixa,Alta,3.55,-0.92,0
2007-12-12,Alta,Alta,3.57,0.17,1
2007-12-13,Baixa,Alta,3.64,-0.03,0
2007-12-14,Alta,Alta,3.61,0.74,1
2007-12-17,Baixa,Alta,3.15,-0.59,0
2007-12-18,Baixa,Alta,3.10,0.34,1
2007-12-19,Alta,Alta,2.92,0.08,2
2007-12-20,Alta,Alta,2.75,0.56,3
2007-12-21,Alta,Alta,2.75,0.52,4
2007-12-24,Alta,Alta,3.16,0.69,5
2007-12-26,Alta,Alta,3.45,-0.20,0
2007-12-27,Alta,Alta,3.69,-0.74,0
2007-12-28,Alta,Alta,3.80,-0.49,0
2007-12-31,Baixa,Alta,3.69,-0.18,0
2008-01-02,Alta,Alta,3.71,0.48,1
2008-01-03,Alta,Alta,3.73,-0.45,0
2008-01-04,Baixa,Alta,3.57,-0.89,0
2008-01-07,Baixa,Alta,3.46,-0.24,0
2008-01-08,Baixa,Alta,3.42,-0.14,0
2008-01-09,Baixa,Alta,3.04,0.20,1
2008-01-10,Alta,Alta,2.58,0.47,2
2008-01-11,Baixa,Alta,2.44,-0.59,0
2008-01-14,Alta,Alta,2.32,-0.07,0
2008-01-15,Baixa,Alta,2.12,-0.82,0
2008-01-16,Baixa,Baixa,1.85,-0.38,0
2008-01-17,Baixa,Baixa,1.61,-0.22,0
2008-01-18,Baixa,Baixa,1.28,-0.10,0
2008-01-22,Baixa,Baixa,0.93,0.45,1
2008-01-23,Baixa,Baixa,0.53,0.58,2
2008-01-24,Alta,Baixa,0.49,0.50,3
2008-01-25,Baixa,Baixa,0.52,-0.86,0
2008-01-28,Alta,Baixa,0.58,0.76,1
2008-01-29,Alta,Baixa,0.72,0.40,2
2008-01-30,Alta,Baixa,0.97,-0.47,0
2008-01-31,Alta,Baixa,1.02,0.54,1
2008-02-01,Alta,Baixa,1.14,0.35,2
2008-02-04,Alta,Baixa,1.20,-0.01,0
2008-02-05,Baixa,Baixa,1.08,-0.96,0
2008-02-06,Baixa,Baixa,0.88,-0.52,0
2008-02-07,Baixa,Baixa,0.63,0.28,1
2008-02-08,Baixa,Baixa,0.29,0.48,2
2008-02-11,Alta,Baixa,-0.02,0.59,3
2008-02-12,Alta,Baixa,0.00,0.44,4
2008-02-13,Alta,Baixa,0.15,0.15,5
2008-02-14,Alta,Baixa,0.27,-0.92,0
2008-02-15,Alta,Baixa,0.44,0.94,1
2008-02-19,Alta,Alta,0.54,0.27,2
2008-02-20,Alta,Alta,0.43,0.50,3
2008-02-21,Alta,Alta,0.22,-0.63,0
2008-02-22,Alta,Alta,-0.02,-0.32,0
2008-02-25,Baixa,Baixa,-0.15,-0.10,0
2008-02-26,Alta,Alta,-0.22,0.36,1
2008-02-27,Baixa,Baixa,-0.32,-0.48,0
2008-02-28,Baixa,Baixa,-0.42,-0.02,0
2008-02-29,Baixa,Baixa,-0.32,-0.91,0
2008-03-03,Baixa,Baixa,-0.46,0.09,1
2008-03-04,Baixa,Baixa,-0.62,0.15,2
2008-03-05,Baixa,Baixa,-0.78,0.55,3
2008-03-06,Baixa,Baixa,-1.07,-0.88,0
2008-03-07,Baixa,Baixa,-1.67,-0.14,0
2008-03-10,Baixa,Baixa,-2.24,-0.86,0
2008-03-11,Alta,Baixa,-2.48,1.00,1
2008-03-12,Baixa,Baixa,-2.79,-0.79,0
2008-03-13,Baixa,Baixa,-2.88,0.22,1
2008-03-14,Baixa,Baixa,-2.89,-0.40,0
2008-03-17,Baixa,Baixa,-2.93,-0.56,0
2008-03-18,Alta,Baixa,-2.99,0.61,1
2008-03-19,Baixa,Baixa,-3.03,-0.73,0
2008-03-20,Baixa,Baixa,-3.15,-0.42,0
2008-03-24,Alta,Baixa,-3.07,0.59,1
2008-03-25,Baixa,Baixa,-2.95,-0.57,0
2008-03-26,Baixa,Baixa,-3.15,-0.78,0
2008-03-27,Baixa,Baixa,-3.20,-0.36,0
2008-03-28,Baixa,Baixa,-3.06,-0.80,0
2008-03-31,Baixa,Baixa,-2.79,0.52,1
2008-04-01,Alta,Baixa,-2.27,0.51,2
2008-04-02,Alta,Baixa,-1.68,0.13,3
2008-04-03,Alta,Baixa,-1.06,0.12,4
2008-04-04,Alta,Baixa,-0.56,-0.13,0
2008-04-07,Alta,Baixa,-0.35,0.09,1
2008-04-08,Alta,Baixa,-0.25,0.10,2
2008-04-09,Alta,Baixa,-0.25,-0.81,0
2008-04-10,Alta,Baixa,-0.34,0.55,1
2008-04-11,Baixa,Baixa,-0.49,-0.27,0
2008-04-14,Baixa,Baixa,-0.60,-0.37,0
2008-04-15,Baixa,Baixa,-0.84,0.33,1
2008-04-16,Baixa,Baixa,-1.02,-0.38,0
2008-04-17,Baixa,Baixa,-1.09,-0.59,0
2008-04-18,Baixa,Baixa,-1.06,0.46,1
2008-04-21,Baixa,Baixa,-1.00,-0.48,0
2008-04-22,Baixa,Baixa,-0.98,-0.54,0
2008-04-23,Baixa,Baixa,-1.02,-0.04,0
2008-04-24,Baixa,Baixa,-1.25,0.10,1
2008-04-25,Baixa,Baixa,-1.58,-0.62,0
2008-04-28,Baixa,Baixa,-1.77,0.15,1
2008-04-29,Baixa,Baixa,-1.95,0.22,2
2008-04-30,Alta,Baixa,-2.09,0.70,3
2008-05-01,Alta,Baixa,-2.10,-0.24,0
2008-05-02,Alta,Baixa,-2.09,0.07,1
2008-05-05,Alta,Baixa,-2.19,-0.68,0
2008-05-06,Alta,Alta,-2.08,0.85,1
2008-05-07,Alta,Alta,-1.90,0.52,2
2008-05-08,Alta,Alta,-1.61,0.26,3
2008-05-09,Alta,Alta,-1.28,0.53,4
2008-05-12,Alta,Alta,-0.93,-0.66,0
2008-05-13,Alta,Alta,-0.70,-0.22,0
2008-05-14,Baixa,Alta,-0.50,-0.53,0
2008-05-15,Baixa,Alta,-0.46,0.15,1
2008-05-16,Alta,Alta,-0.33,1.00,2
2008-05-19,Alta,Alta,-0.07,0.33,3
2008-05-20,Alta,Alta,0.27,0.23,4
2008-05-21,Alta,Alta,0.44,0.44,5
2008-05-22,Alta,Alta,0.79,-0.26,0
2008-05-23,Alta,Alta,0.99,-0.69,0
2008-05-27,Baixa,Alta,1.04,-0.58,0
2008-05-28,Alta,Alta,1.23,0.98,1
2008-05-29,Alta,Alta,1.41,-0.30,0
2008-05-30,Baixa,Alta,1.53,-0.49,0
2008-06-02,Baixa,Alta,1.68,-0.20,0
2008-06-03,Baixa,Alta,1.69,-0.51,0
2008-06-04,Baixa,Alta,1.41,-0.74,0
2008-06-05,Baixa,Alta,1.45,0.87,1
2008-06-06,Baixa,Baixa,1.22,-0.90,0
2008-06-09,Baixa,Baixa,1.01,-0.64,0
2008-06-10,Baixa,Baixa,0.89,-0.03,0
2008-06-11,Baixa,Baixa,0.71,-0.68,0
2008-06-12,Baixa,Baixa,0.33,0.40,1
2008-06-13,Baixa,Baixa,0.17,-0.13,0
2008-06-16,Alta,Baixa,-0.02,0.23,1
2008-06-17,Alta,Baixa,-0.17,0.17,2
2008-06-18,Alta,Baixa,-0.21,-0.39,0
2008-06-19,Alta,Baixa,-0.18,0.44,1
2008-06-20,Baixa,Baixa,-0.27,-0.34,0
2008-06-23,Baixa,Baixa,-0.29,-0.63,0
2008-06-24,Baixa,Baixa,-0.28,0.19,1
2008-06-25,Alta,Baixa,-0.22,0.76,2
2008-06-26,Baixa,Baixa,-0.27,-0.94,0
2008-06-27,Baixa,Baixa,-0.15,0.78,1
2008-06-30,Baixa,Baixa,-0.15,0.48,2
2008-07-01,Baixa,Baixa,-0.24,-0.52,0
2008-07-02,Baixa,Baixa,-0.42,-0.66,0
2008-07-03,Baixa,Baixa,-0.46,0.60,1
2008-07-07,Baixa,Baixa,-0.62,-0.32,0
2008-07-08,Baixa,Baixa,-0.64,0.98,1
2008-07-09,Baixa,Baixa,-0.67,-0.68,0
2008-07-10,Baixa,Baixa,-0.67,-0.38,0
2008-07-11,Baixa,Baixa,-0.78,0.17,1
2008-07-14,Baixa,Baixa,-0.91,-0.77,0
2008-07-15,Baixa,Baixa,-1.10,0.47,1
2008-07-16,Alta,Baixa,-1.11,0.76,2
2008-07-17,Alta,Baixa,-1.19,-0.72,0
2008-07-18,Alta,Baixa,-1.32,-0.18,0
2008-07-21,Alta,Baixa,-1.40,0.24,1
2008-07-22,Alta,Baixa,-1.51,-0.14,0
2008-07-23,Alta,Baixa,-1.65,-0.67,0
2008-07-24,Baixa,Baixa,-1.84,-0.72,0
2008-07-25,Baixa,Baixa,-1.95,-0.17,0
2008-07-28,Baixa,Baixa,-2.15,-0.28,0
2008-07-29,Baixa,Baixa,-2.38,0.86,1
2008-07-30,Baixa,Baixa,-2.67,0.76,2
2008-07-31,Baixa,Baixa,-2.83,-0.41,0
2008-08-01,Baixa,Baixa,-3.09,-0.39,0
2008-08-04,Baixa,Baixa,-3.36,-0.87,0
2008-08-05,Baixa,Baixa,-3.49,0.50,1
2008-08-06,Alta,Baixa,-3.56,0.84,2
2008-08-07,Baixa,Baixa,-3.75,-0.33,0
2008-08-08,Baixa,Baixa,-3.82,0.43,1
2008-08-11,Alta,Baixa,-3.77,0.04,2
2008-08-12,Baixa,Baixa,-3.86,-0.64,0
2008-08-13,Baixa,Baixa,-3.96,-0.71,0
2008-08-14,Alta,Baixa,-3.75,0.76,1
2008-08-15,Alta,Baixa,-3.58,-0.18,0
2008-08-18,Baixa,Baixa,-3.38,-0.73,0
2008-08-19,Baixa,Baixa,-3.20,-0.47,0
2008-08-20,Baixa,Baixa,-2.99,0.74,1
2008-08-21,Baixa,Baixa,-2.93,-0.05,0
2008-08-22,Alta,Baixa,-2.80,-0.03,0
2008-08-25,Baixa,Baixa,-2.85,-0.83,0
2008-08-26,Baixa,Baixa,-2.85,0.39,1
2008-08-27,Alta,Baixa,-2.91,0.49,2
2008-08-28,Alta,Baixa,-2.92,0.37,3
2008-08-29,Alta,Baixa,-2.93,0.23,4
2008-09-02,Alta,Baixa,-2.74,-0.13,0
2008-09-03,Alta,Baixa,-2.58,-0.74,0
2008-09-04,Baixa,Baixa,-2.61,-0.96,0
2008-09-05,Baixa,Baixa,-2.77,0.60,1
2008-09-08,Baixa,Baixa,-2.84,-0.59,0
2008-09-09,Baixa,Baixa,-3.24,-0.93,0
2008-09-10,Baixa,Baixa,-3.47,0.35,1
2008-09-11,Baixa,Baixa,-3.42,0.57,2
2008-09-12,Alta,Baixa,-2.99,0.78,3
2008-09-15,Alta,Baixa,-2.86,-0.07,0
2008-09-16,Baixa,Baixa,-2.51,0.56,1
2008-09-17,Baixa,Baixa,-2.53,-0.41,0
2008-09-18,Alta,Baixa,-2.34,0.43,1
2008-09-19,Alta,Baixa,-2.35,-0.16,0
2008-09-22,Alta,Baixa,-2.27,-0.60,0
2008-09-23,Baixa,Baixa,-2.32,-0.64,0
2008-09-24,Baixa,Baixa,-2.11,-0.56,0
2008-09-25,Alta,Baixa,-2.22,0.87,1
2008-09-26,Baixa,Baixa,-2.52,0.58,2
2008-09-29,Baixa,Baixa,-2.95,-0.75,0
2008-09-30,Alta,Baixa,-3.09,0.86,1
2008-10-01,Alta,Baixa,-3.16,-0.06,0
2008-10-02,Baixa,Baixa,-3.45,-0.47,0
2008-10-03,Baixa,Baixa,-3.60,-0.41,0
2008-10-06,Baixa,Baixa,-3.81,-0.74,0
2008-10-07,Baixa,Baixa,-4.14,-0.49,0
2008-10-08,Baixa,Baixa,-4.48,0.50,1
2008-10-09,Baixa,Baixa,-4.85,-0.43,0
2008-10-10,Baixa,Baixa,-5.24,0.51,1
2008-10-13,Alta,Baixa,-4.91,0.71,2
2008-10-14,Alta,Baixa,-4.51,-0.69,0
2008-10-15,Baixa,Baixa,-4.52,-0.83,0
2008-10-16,Baixa,Baixa,-4.46,-0.39,0
2008-10-17,Baixa,Baixa,-4.33,0.46,1
2008-10-20,Baixa,Baixa,-4.57,0.06,2
2008-10-21,Baixa,Baixa,-5.12,-0.73,0
2008-10-22,Baixa,Baixa,-5.46,-0.78,0
2008-10-23,Baixa,Baixa,-5.75,-0.45,0
2008-10-24,Baixa,Baixa,-6.46,0.26,1
2008-10-27,Baixa,Baixa,-7.12,0.61,2
2008-10-28,Baixa,Baixa,-7.43,0.13,3
2008-10-29,Alta,Baixa,-7.23,0.64,4
2008-10-30,Alta,Baixa,-6.83,0.70,5
2008-10-31,Alta,Baixa,-6.09,0.38,6
2008-11-03,Alta,Baixa,-5.37,0.95,7
2008-11-04,Alta,Alta,-4.36,0.77,8
2008-11-05,Alta,Baixa,-4.03,-0.78,0
2008-11-06,Baixa,Baixa,-4.07,-0.41,0
2008-11-07,Alta,Baixa,-4.06,0.81,1
2008-11-10,Baixa,Baixa,-4.27,-0.78,0
2008-11-11,Baixa,Baixa,-5.45,-0.93,0
2008-11-12,Baixa,Baixa,-6.27,-0.03,0
2008-11-13,Baixa,Baixa,-6.44,0.68,1
2008-11-14,Baixa,Baixa,-7.02,-0.65,0
2008-11-17,Baixa,Baixa,-7.41,0.32,1
2008-11-18,Baixa,Baixa,-7.08,-0.56,0
2008-11-19,Baixa,Baixa,-7.13,-1.00,0
2008-11-20,Baixa,Baixa,-7.65,-0.58,0
2008-11-21,Baixa,Baixa,-8.12,0.15,1
2008-11-24,Alta,Baixa,-8.29,0.09,2
2008-11-25,Alta,Baixa,-8.69,-0.38,0
2008-11-26,Alta,Baixa,-8.31,0.78,1
2008-11-28,Alta,Baixa,-8.33,0.14,2
2008-12-01,Baixa,Baixa,-8.48,-0.73,0
2008-12-02,Alta,Baixa,-8.68,0.27,1
2008-12-03,Alta,Baixa,-8.59,0.91,2
2008-12-04,Baixa,Baixa,-9.10,-0.49,0
2008-12-05,Baixa,Baixa,-9.31,0.34,1
2008-12-08,Alta,Baixa,-8.90,0.23,2
2008-12-09,Alta,Baixa,-8.44,-0.14,0
2008-12-10,Alta,Baixa,-8.58,0.49,1
2008-12-11,Alta,Baixa,-8.73,-0.36,0
2008-12-12,Alta,Baixa,-8.37,0.59,1
2008-12-15,Baixa,Baixa,-8.20,-0.88,0
2008-12-16,Baixa,Baixa,-7.60,0.74,1
2008-12-17,Baixa,Baixa,-6.71,-0.47,0
2008-12-18,Baixa,Baixa,-5.91,-0.74,0
2008-12-19,Baixa,Baixa,-5.24,-0.09,0
2008-12-22,Baixa,Baixa,-4.66,-0.49,0
2008-12-23,Baixa,Baixa,-5.56,0.92,1
2008-12-24,Baixa,Baixa,-6.49,-0.67,0
2008-12-26,Baixa,Baixa,-6.58,0.77,1
2008-12-29,Baixa,Baixa,-6.74,-0.11,0
2008-12-30,Baixa,Baixa,-7.02,-0.19,0
2008-12-31,Baixa,Baixa,-6.77,-0.73,0
2009-01-02,Alta,Baixa,-5.85,0.75,1
2009-01-05,Alta,Baixa,-4.91,0.47,2
2009-01-06,Alta,Baixa,-3.83,-0.21,0
2009-01-07,Alta,Baixa,-2.38,-0.56,0
2009-01-08,Alta,Baixa,-0.96,0.35,1
2009-01-09,Baixa,Baixa,-0.40,-0.70,0
2009-01-12,Baixa,Baixa,-1.04,-0.62,0
2009-01-13,Baixa,Baixa,-2.35,-0.08,0
2009-01-14,Baixa,Baixa,-4.07,-0.56,0
2009-01-15,Baixa,Baixa,-5.75,0.34,1
2009-01-16,Baixa,Baixa,-7.99,-0.67,0
2009-01-20,Baixa,Baixa,-9.15,-0.91,0
2009-01-21,Baixa,Baixa,-9.56,0.47,1
2009-01-22,Baixa,Baixa,-10.19,0.26,2
2009-01-23,Alta,Baixa,-10.24,0.63,3
2009-01-26,Alta,Baixa,-8.61,0.60,4
2009-01-27,Alta,Baixa,-7.30,-0.02,0
2009-01-28,Alta,Baixa,-6.53,0.25,1
2009-01-29,Baixa,Baixa,-5.12,-0.84,0
2009-01-30,Baixa,Baixa,-4.14,-0.80,0
2009-02-02,Baixa,Baixa,-4.13,-0.70,0
2009-02-03,Baixa,Baixa,-3.98,-0.58,0
2009-02-04,Baixa,Baixa,-3.48,-0.17,0
2009-02-05,Baixa,Baixa,-3.30,0.31,1
2009-02-06,Alta,Baixa,-3.22,0.33,2
2009-02-09,Alta,Baixa,-2.96,0.44,3
2009-02-10,Alta,Baixa,-3.26,-0.12,0
2009-02-11,Alta,Baixa,-3.67,0.11,1
2009-02-12,Alta,Baixa,-3.60,-0.21,0
2009-02-13,Alta,Baixa,-3.43,0.67,1
2009-02-17,Baixa,Baixa,-3.74,-0.54,0
2009-02-18,Baixa,Baixa,-3.50,0.48,1
2009-02-19,Baixa,Baixa,-3.32,0.10,2
2009-02-20,Baixa,Baixa,-3.80,0.41,3
2009-02-23,Baixa,Baixa,-4.21,-0.91,0
2009-02-24,Alta,Baixa,-4.30,0.89,1
2009-02-25,Baixa,Baixa,-4.65,-0.56,0
2009-02-26,Baixa,Baixa,-5.04,-0.58,0
2009-02-27,Baixa,Baixa,-4.93,0.21,1
2009-03-02,Baixa,Baixa,-5.08,-0.42,0
2009-03-03,Baixa,Baixa,-5.02,0.03,1
2009-03-04,Alta,Baixa,-4.64,0.40,2
2009-03-05,Baixa,Baixa,-4.38,0.20,3
2009-03-06,Baixa,Baixa,-4.28,-0.64,0
2009-03-09,Baixa,Baixa,-4.03,0.17,1
2009-03-10,Alta,Baixa,-3.55,0.70,2
2009-03-11,Alta,Baixa,-3.52,-0.13,0
2009-03-12,Baixa,Baixa,-3.41,-0.43,0
2009-03-13,Alta,Baixa,-3.17,0.75,1
2009-03-16,Alta,Baixa,-2.75,0.15,2
2009-03-17,Alta,Baixa,-2.98,0.66,3
2009-03-18,Alta,Alta,-3.23,0.51,4
2009-03-19,Alta,Alta,-3.22,0.74,5
2009-03-20,Alta,Alta,-3.25,-0.45,0
2009-03-23,Alta,Alta,-3.17,0.69,1
2009-03-24,Alta,Alta,-2.96,-0.66,0
2009-03-25,Alta,Alta,-2.40,-0.46,0
2009-03-26,Alta,Alta,-1.82,0.74,1
2009-03-27,Baixa,Alta,-1.31,-0.34,0
2009-03-30,Baixa,Alta,-1.18,-0.53,0
2009-03-31,Baixa,Alta,-0.74,-0.40,0
2009-04-01,Alta,Alta,0.00,0.64,1
2009-04-02,Alta,Alta,0.66,0.29,2
2009-04-03,Alta,Alta,1.36,0.22,3
2009-04-06,Alta,Alta,2.01,0.26,4
2009-04-07,Alta,Alta,2.45,0.77,5
2009-04-08,Alta,Alta,2.67,0.85,6
2009-04-09,Alta,Alta,2.89,0.62,7
2009-04-13,Alta,Alta,3.34,-0.37,0
2009-04-14,Baixa,Alta,3.81,-0.86,0
2009-04-15,Alta,Alta,4.60,0.93,1
2009-04-16,Alta,Alta,5.23,0.18,2
2009-04-17,Alta,Alta,5.76,0.40,3
2009-04-20,Baixa,Alta,5.75,-0.05,0
2009-04-21,Baixa,Alta,5.95,0.37,1
2009-04-22,Alta,Alta,5.80,0.58,2
2009-04-23,Alta,Alta,5.69,0.62,3
2009-04-24,Alta,Alta,5.63,0.75,4
2009-04-27,Baixa,Alta,5.49,-0.88,0
2009-04-28,Baixa,Alta,5.30,0.54,1
2009-04-29,Alta,Alta,5.61,0.52,2
2009-04-30,Baixa,Alta,5.46,-0.43,0
2009-05-01,Alta,Alta,5.26,0.82,1
2009-05-04,Alta,Alta,5.72,0.64,2
2009-05-05,Alta,Alta,6.41,0.22,3
2009-05-06,Alta,Alta,6.36,-0.54,0
2009-05-07,Baixa,Alta,6.55,-0.32,0
2009-05-08,Alta,Alta,6.97,0.72,1
2009-05-11,Alta,Alta,7.03,0.46,2
2009-05-12,Alta,Alta,7.20,0.39,3
2009-05-13,Baixa,Alta,7.22,-0.79,0
2009-05-14,Alta,Alta,7.48,0.98,1
2009-05-15,Baixa,Alta,7.40,-0.77,0
2009-05-18,Alta,Alta,7.42,0.72,1
2009-05-19,Alta,Alta,7.22,-0.18,0
2009-05-20,Alta,Alta,7.43,0.57,1
2009-05-21,Alta,Alta,7.28,-0.66,0
2009-05-22,Alta,Alta,7.45,0.43,1
2009-05-26,Alta,Alta,7.43,0.42,2
2009-05-27,Alta,Alta,7.44,0.56,3
2009-05-28,Alta,Alta,7.60,0.99,4
2009-05-29,Alta,Alta,7.75,-0.70,0
2009-06-01,Alta,Alta,7.67,0.69,1
2009-06-02,Alta,Alta,7.73,0.59,2
2009-06-03,Baixa,Alta,7.28,-0.56,0
2009-06-04,Alta,Alta,6.94,0.49,1
2009-06-05,Alta,Alta,6.79,-0.11,0
2009-06-08,Baixa,Alta,6.30,-0.35,0
2009-06-09,Baixa,Alta,5.80,-0.17,0
2009-06-10,Baixa,Alta,5.89,0.29,1
2009-06-11,Alta,Alta,5.80,0.24,2
2009-06-12,Alta,Alta,5.50,-0.25,0
2009-06-15,Baixa,Alta,5.24,-0.65,0
2009-06-16,Baixa,Alta,4.85,-0.80,0
2009-06-17,Baixa,Baixa,4.24,-0.54,0
2009-06-18,Baixa,Alta,3.63,0.46,1
2009-06-19,Baixa,Alta,3.02,-0.08,0
2009-06-22,Baixa,Baixa,2.24,-0.90,0
2009-06-23,Baixa,Baixa,1.81,0.50,1
2009-06-24,Alta,Alta,1.70,0.28,2
2009-06-25,Alta,Alta,1.50,0.24,3
2009-06-26,Alta,Alta,1.58,0.81,4
2009-06-29,Alta,Alta,2.01,-0.11,0
2009-06-30,Alta,Alta,2.33,0.33,1
2009-07-01,Alta,Alta,2.41,0.49,2
2009-07-02,Baixa,Alta,2.38,-0.04,0
2009-07-06,Baixa,Baixa,2.09,0.41,1
2009-07-07,Baixa,Baixa,1.74,-0.21,0
2009-07-08,Baixa,Baixa,1.43,-0.54,0
2009-07-09,Baixa,Baixa,1.07,-0.06,0
2009-07-10,Baixa,Baixa,0.71,-0.41,0
2009-07-13,Baixa,Baixa,0.58,-0.49,0
2009-07-14,Alta,Baixa,0.63,0.55,1
2009-07-15,Alta,Baixa,0.57,0.56,2
2009-07-16,Alta,Alta,0.57,0.78,3
2009-07-17,Alta,Alta,0.78,0.02,4
2009-07-20,Alta,Alta,1.13,0.92,5
2009-07-21,Alta,Alta,1.31,-0.32,0
2009-07-22,Alta,Alta,1.52,0.77,1
2009-07-23,Alta,Alta,1.69,0.85,2
2009-07-24,Alta,Alta,1.98,-0.74,0
2009-07-27,Alta,Alta,1.83,-0.45,0
2009-07-28,Baixa,Alta,1.92,0.30,1
2009-07-29,Baixa,Alta,1.79,-0.75,0
2009-07-30,Baixa,Alta,1.73,0.15,1
2009-07-31,Alta,Alta,1.47,0.74,2
2009-08-03,Alta,Alta,1.70,0.72,3
2009-08-04,Alta,Alta,1.72,-0.19,0
2009-08-05,Alta,Alta,1.85,-0.30,0
2009-08-06,Alta,Alta,1.83,-0.51,0
2009-08-07,Alta,Alta,1.74,0.32,1
2009-08-10,Alta,Alta,1.42,0.50,2
2009-08-11,Baixa,Alta,1.05,-0.08,0
2009-08-12,Baixa,Alta,0.70,0.19,1
2009-08-13,Alta,Alta,0.77,0.39,2
2009-08-14,Baixa,Alta,0.74,-0.33,0
2009-08-17,Baixa,Alta,0.46,-0.60,0
2009-08-18,Baixa,Alta,0.64,0.99,1
2009-08-19,Baixa,Alta,0.93,0.63,2
2009-08-20,Alta,Alta,0.85,-0.11,0
2009-08-21,Alta,Alta,1.01,0.88,1
2009-08-24,Alta,Alta,1.43,0.61,2
2009-08-25,Alta,Alta,1.68,-0.65,0
2009-08-26,Alta,Alta,1.95,0.43,1
2009-08-27,Alta,Alta,2.39,-0.31,0
2009-08-28,Alta,Alta,2.81,0.33,1
2009-08-31,Alta,Alta,3.09,0.18,2
2009-09-01,Baixa,Alta,3.43,-0.73,0
2009-09-02,Baixa,Alta,3.52,0.56,1
2009-09-03,Alta,Alta,3.56,0.66,2
2009-09-04,Alta,Alta,3.63,0.47,3
2009-09-08,Alta,Alta,3.70,-0.64,0
2009-09-09,Alta,Alta,3.70,0.35,1
2009-09-10,Alta,Alta,3.86,0.71,2
2009-09-11,Alta,Alta,3.98,0.66,3
2009-09-14,Alta,Alta,4.07,-0.03,0
2009-09-15,Alta,Alta,4.23,-0.11,0
2009-09-16,Alta,Alta,4.45,0.45,1
2009-09-17,Alta,Alta,4.67,-0.02,0
2009-09-18,Alta,Alta,4.88,0.33,1
2009-09-21,Baixa,Alta,4.98,0.06,2
2009-09-22,Alta,Alta,5.38,0.84,3
2009-09-23,Alta,Alta,5.46,-0.66,0
2009-09-24,Baixa,Alta,5.26,-0.77,0
2009-09-25,Baixa,Alta,5.00,0.66,1
2009-09-28,Alta,Alta,4.86,0.32,2
2009-09-29,Alta,Alta,4.37,0.42,3
2009-09-30,Alta,Alta,4.08,-0.22,0
2009-10-01,Baixa,Alta,3.92,-0.54,0
2009-10-02,Baixa,Alta,3.70,0.35,1
2009-10-05,Alta,Alta,3.71,0.70,2
2009-10-06,Alta,Alta,3.69,-0.78,0
2009-10-07,Baixa,Alta,3.61,-0.60,0
2009-10-08,Alta,Alta,3.74,-0.60,0
2009-10-09,Alta,Alta,3.97,0.73,1
2009-10-12,Alta,Alta,3.90,-0.02,0
2009-10-13,Alta,Alta,3.71,-0.55,0
2009-10-14,Alta,Alta,3.71,0.95,1
2009-10-15,Alta,Alta,3.60,0.20,2
2009-10-16,Alta,Alta,3.48,0.02,3
2009-10-19,Alta,Alta,3.47,0.96,4
2009-10-20,Alta,Alta,3.56,-0.84,0
2009-10-21,Alta,Alta,3.60,0.35,1
2009-10-22,Alta,Alta,3.66,-0.16,0
2009-10-23,Baixa,Alta,3.57,-0.75,0
2009-10-26,Baixa,Alta,3.35,-0.53,0
2009-10-27,Baixa,Alta,3.22,-0.59,0
2009-10-28,Baixa,Baixa,2.78,-0.66,0
2009-10-29,Baixa,Alta,2.57,0.93,1
2009-10-30,Baixa,Alta,2.42,-0.30,0
2009-11-02,Alta,Alta,2.29,0.21,1
2009-11-03,Alta,Alta,2.15,0.69,2
2009-11-04,Alta,Alta,2.32,0.16,3
2009-11-05,Alta,Alta,2.28,-0.07,0
2009-11-06,Alta,Alta,2.30,-0.10,0
2009-11-09,Alta,Alta,2.44,0.52,1
2009-11-10,Alta,Alta,2.64,-0.10,0
2009-11-11,Alta,Alta,2.84,-0.64,0
2009-11-12,Alta,Alta,2.96,0.12,1
2009-11-13,Alta,Alta,3.06,0.56,2
2009-11-16,Alta,Alta,3.18,0.93,3
2009-11-17,Alta,Alta,3.18,0.03,4
2009-11-18,Baixa,Alta,2.96,-0.50,0
2009-11-19,Baixa,Alta,2.70,-0.31,0
2009-11-20,Baixa,Alta,2.45,0.76,1
2009-11-23,Baixa,Alta,2.18,-0.14,0
2009-11-24,Baixa,Alta,1.88,-0.92,0
2009-11-25,Baixa,Alta,1.63,-0.53,0
2009-11-27,Baixa,Baixa,1.43,0.53,1
2009-11-30,Baixa,Baixa,1.26,-0.13,0
2009-12-01,Baixa,Alta,1.15,0.28,1
2009-12-02,Alta,Alta,0.97,-0.03,0
2009-12-03,Baixa,Baixa,0.87,-0.67,0
2009-12-04,Alta,Alta,0.92,-0.01,0
2009-12-07,Baixa,Baixa,0.94,-0.71,0
2009-12-08,Baixa,Baixa,0.63,-0.88,0
2009-12-09,Baixa,Baixa,0.46,-0.57,0
2009-12-10,Baixa,Baixa,0.34,0.47,1
2009-12-11,Baixa,Baixa,0.13,-0.66,0
2009-12-14,Alta,Baixa,0.13,0.55,1
2009-12-15,Alta,Baixa,0.09,-0.11,0
2009-12-16,Alta,Alta,0.23,0.28,1
2009-12-17,Alta,Baixa,0.36,-0.02,0
2009-12-18,Alta,Baixa,0.42,-0.17,0
2009-12-21,Alta,Baixa,0.29,-0.45,0
2009-12-22,Baixa,Baixa,0.30,-0.48,0
2009-12-23,Alta,Alta,0.26,0.42,1
2009-12-24,Alta,Alta,0.14,0.03,2
2009-12-28,Alta,Baixa,0.02,-0.56,0
2009-12-29,Baixa,Baixa,-0.07,-0.92,0
2009-12-30,Baixa,Baixa,-0.23,-0.17,0
2009-12-31,Baixa,Baixa,-0.41,-0.58,0
2010-01-04,Alta,Alta,-0.44,0.78,1
2010-01-05,Alta,Alta,-0.37,0.58,2
2010-01-06,Alta,Alta,-0.21,0.52,3
2010-01-07,Alta,Alta,0.20,0.71,4
2010-01-08,Alta,Alta,0.61,-0.35,0
2010-01-11,Alta,Alta,1.14,0.73,1
2010-01-12,Baixa,Alta,1.30,-0.64,0
2010-01-13,Alta,Alta,1.50,0.13,1
2010-01-14,Baixa,Alta,1.49,-0.59,0
2010-01-15,Baixa,Alta,1.36,-0.29,0
2010-01-19,Alta,Alta,1.03,0.48,1
2010-01-20,Baixa,Alta,0.91,-0.45,0
2010-01-21,Baixa,Baixa,0.61,-0.74,0
2010-01-22,Baixa,Baixa,0.23,0.26,1
2010-01-25,Baixa,Baixa,-0.07,-0.70,0
2010-01-26,Baixa,Baixa,-0.43,0.19,1
2010-01-27,Baixa,Baixa,-0.70,0.21,2
2010-01-28,Baixa,Baixa,-0.95,-0.32,0
2010-01-29,Baixa,Baixa,-1.23,-0.49,0
2010-02-01,Alta,Baixa,-1.40,0.83,1
2010-02-02,Alta,Alta,-1.34,0.71,2
2010-02-03,Alta,Baixa,-1.31,-0.64,0
2010-02-04,Baixa,Baixa,-1.38,-0.87,0
2010-02-05,Baixa,Baixa,-1.35,-0.16,0
2010-02-08,Baixa,Baixa,-1.35,-0.85,0
2010-02-09,Baixa,Baixa,-1.46,0.38,1
2010-02-10,Baixa,Baixa,-1.47,0.11,2
2010-02-11,Alta,Baixa,-1.25,0.88,3
2010-02-12,Alta,Baixa,-0.98,0.94,4
2010-02-16,Alta,Baixa,-0.75,0.00,0
2010-02-17,Alta,Baixa,-0.58,-0.80,0
2010-02-18,Alta,Baixa,-0.50,0.62,1
2010-02-19,Alta,Baixa,-0.47,0.33,2
2010-02-22,Alta,Baixa,-0.26,0.47,3
2010-02-23,Baixa,Baixa,-0.14,-0.44,0
2010-02-24,Baixa,Baixa,-0.07,1.00,1
2010-02-25,Baixa,Baixa,0.05,0.70,2
2010-02-26,Alta,Baixa,0.05,0.23,3
2010-03-01,Alta,Baixa,-0.06,0.08,4
2010-03-02,Alta,Baixa,-0.21,-0.44,0
2010-03-03,Baixa,Baixa,-0.32,-0.57,0
2010-03-04,Baixa,Baixa,-0.48,-0.55,0
2010-03-05,Alta,Baixa,-0.50,0.28,1
2010-03-08,Baixa,Baixa,-0.55,-0.33,0
2010-03-09,Alta,Alta,-0.44,0.81,1
2010-03-10,Alta,Alta,-0.28,0.89,2
2010-03-11,Alta,Alta,-0.12,-0.67,0
2010-03-12,Alta,Alta,-0.00,-0.74,0
2010-03-15,Baixa,Baixa,0.05,-0.59,0
2010-03-16,Baixa,Baixa,0.08,0.14,1
2010-03-17,Baixa,Baixa,-0.16,-0.52,0
2010-03-18,Baixa,Baixa,-0.55,-0.83,0
2010-03-19,Baixa,Baixa,-0.86,0.00,0
2010-03-22,Baixa,Baixa,-1.15,0.21,1
2010-03-23,Baixa,Baixa,-1.45,-0.27,0
2010-03-24,Baixa,Baixa,-1.67,0.22,1
2010-03-25,Baixa,Baixa,-1.62,-0.52,0
2010-03-26,Alta,Baixa,-1.62,0.79,1
2010-03-29,Alta,Alta,-1.47,0.64,2
2010-03-30,Alta,Alta,-1.27,0.61,3
2010-03-31,Alta,Alta,-1.11,-0.73,0
2010-04-01,Alta,Alta,-0.93,0.61,1
2010-04-05,Alta,Alta,-0.65,0.49,2
2010-04-06,Alta,Alta,-0.50,0.18,3
2010-04-07,Baixa,Baixa,-0.50,-0.02,0
2010-04-08,Baixa,Baixa,-0.37,-0.29,0
2010-04-09,Baixa,Baixa,-0.31,0.33,1
2010-04-12,Baixa,Baixa,-0.39,-0.30,0
2010-04-13,Baixa,Baixa,-0.53,-0.95,0
2010-04-14,Baixa,Baixa,-0.71,-0.32,0
2010-04-15,Baixa,Baixa,-0.93,0.05,1
2010-04-16,Baixa,Baixa,-1.08,0.04,2
2010-04-19,Baixa,Baixa,-1.08,1.00,3
2010-04-20,Alta,Baixa,-0.95,0.29,4
2010-04-21,Baixa,Baixa,-0.72,-0.74,0
2010-04-22,Alta,Baixa,-0.31,-0.84,0
2010-04-23,Alta,Alta,0.04,0.34,1
2010-04-26,Alta,Baixa,0.12,-0.81,0
2010-04-27,Alta,Baixa,0.07,-0.17,0
2010-04-28,Baixa,Baixa,-0.04,-0.40,0
2010-04-29,Alta,Baixa,-0.23,-0.35,0
2010-04-30,Baixa,Baixa,-0.47,-0.48,0
2010-05-03,Baixa,Baixa,-0.53,0.50,1
2010-05-04,Baixa,Baixa,-0.59,-0.49,0
2010-05-05,Baixa,Baixa,-0.63,-0.69,0
2010-05-06,Baixa,Baixa,-0.90,-0.22,0
2010-05-07,Baixa,Baixa,-1.08,0.17,1
2010-05-10,Alta,Baixa,-1.21,0.14,2
2010-05-11,Baixa,Baixa,-1.36,-0.89,0
2010-05-12,Alta,Baixa,-1.37,0.65,1
2010-05-13,Alta,Baixa,-1.24,-0.43,0
2010-05-14,Baixa,Baixa,-1.18,-0.52,0
2010-05-17,Baixa,Baixa,-1.31,-0.19,0
2010-05-18,Baixa,Baixa,-1.38,-0.64,0
2010-05-19,Baixa,Baixa,-1.62,0.55,1
2010-05-20,Baixa,Baixa,-2.01,0.36,2
2010-05-21,Baixa,Baixa,-2.29,0.62,3
2010-05-24,Baixa,Baixa,-2.51,-0.73,0
2010-05-25,Baixa,Baixa,-2.56,0.44,1
2010-05-26,Alta,Baixa,-2.51,-0.01,0
2010-05-27,Alta,Baixa,-2.12,0.25,1
2010-05-28,Alta,Baixa,-1.74,-0.55,0
2010-06-01,Alta,Baixa,-1.47,0.14,1
2010-06-02,Alta,Baixa,-1.25,0.76,2
2010-06-03,Alta,Baixa,-1.04,-0.67,0
2010-06-04,Baixa,Baixa,-1.03,0.07,1
2010-06-07,Baixa,Baixa,-1.14,-0.41,0
2010-06-08,Baixa,Baixa,-1.20,-0.19,0
2010-06-09,Baixa,Baixa,-1.43,-0.02,0
2010-06-10,Alta,Baixa,-1.63,0.53,1
2010-06-11,Alta,Baixa,-1.70,0.57,2
2010-06-14,Alta,Baixa,-1.79,-0.36,0
2010-06-15,Alta,Alta,-1.70,0.76,1
2010-06-16,Alta,Alta,-1.49,0.53,2
2010-06-17,Alta,Alta,-1.28,-0.42,0
2010-06-18,Alta,Alta,-1.06,0.73,1
2010-06-21,Baixa,Alta,-0.88,-0.60,0
2010-06-22,Alta,Alta,-0.71,0.73,1
2010-06-23,Baixa,Alta,-0.49,0.20,2
2010-06-24,Baixa,Alta,-0.32,-0.38,0
2010-06-25,Baixa,Alta,-0.31,-0.13,0
2010-06-28,Baixa,Alta,-0.16,0.30,1
2010-06-29,Baixa,Baixa,-0.15,-0.18,0
2010-06-30,Baixa,Baixa,-0.25,0.55,1
2010-07-01,Baixa,Baixa,-0.33,-0.28,0
2010-07-02,Baixa,Baixa,-0.60,-0.43,0
2010-07-06,Baixa,Baixa,-0.94,-0.49,0
2010-07-07,Alta,Alta,-1.10,0.65,1
2010-07-08,Alta,Alta,-1.21,0.13,2
2010-07-09,Alta,Baixa,-1.31,-0.22,0
2010-07-12,Baixa,Baixa,-1.22,-0.44,0
2010-07-13,Baixa,Baixa,-1.07,-0.48,0
2010-07-14,Baixa,Baixa,-1.08,0.10,1
2010-07-15,Baixa,Baixa,-1.12,-0.68,0
2010-07-16,Baixa,Baixa,-1.04,-0.07,0
2010-07-19,Baixa,Baixa,-0.74,0.54,1
2010-07-20,Alta,Baixa,-0.51,-0.11,0
2010-07-21,Alta,Baixa,-0.39,0.06,1
2010-07-22,Alta,Alta,-0.15,-0.27,0
2010-07-23,Alta,Alta,-0.05,0.68,1
2010-07-26,Alta,Alta,-0.08,0.37,2
2010-07-27,Alta,Alta,-0.02,-0.54,0
2010-07-28,Alta,Alta,0.21,0.70,1
2010-07-29,Baixa,Alta,0.34,-0.41,0
2010-07-30,Baixa,Alta,0.46,0.34,1
2010-08-02,Alta,Alta,0.69,0.20,2
2010-08-03,Alta,Alta,0.86,0.34,3
2010-08-04,Alta,Alta,1.15,-0.03,0
2010-08-05,Alta,Alta,1.29,-0.41,0
2010-08-06,Alta,Alta,1.47,0.84,1
2010-08-09,Alta,Alta,1.38,-0.69,0
2010-08-10,Alta,Alta,1.36,0.59,1
2010-08-11,Baixa,Alta,1.15,0.00,0
2010-08-12,Baixa,Baixa,0.79,-0.82,0
2010-08-13,Baixa,Baixa,0.46,0.53,1
2010-08-16,Baixa,Baixa,0.29,-0.12,0
2010-08-17,Baixa,Baixa,0.10,-0.29,0
2010-08-18,Baixa,Baixa,0.00,0.09,1
2010-08-19,Baixa,Baixa,0.09,-0.62,0
2010-08-20,Baixa,Baixa,-0.01,-0.61,0
2010-08-23,Baixa,Baixa,-0.18,-0.61,0
2010-08-24,Baixa,Baixa,-0.43,-0.14,0
2010-08-25,Alta,Baixa,-0.75,0.59,1
2010-08-26,Alta,Baixa,-1.00,-0.29,0
2010-08-27,Alta,Baixa,-1.08,-0.46,0
2010-08-30,Alta,Baixa,-1.19,0.00,0
2010-08-31,Alta,Baixa,-1.19,0.62,1
2010-09-01,Alta,Baixa,-1.14,-0.16,0
2010-09-02,Baixa,Baixa,-1.12,0.15,1
2010-09-03,Baixa,Baixa,-1.10,-0.22,0
2010-09-07,Baixa,Baixa,-1.01,-0.22,0
2010-09-08,Baixa,Baixa,-1.03,0.18,1
2010-09-09,Baixa,Baixa,-0.98,-0.05,0
2010-09-10,Baixa,Baixa,-0.92,-0.08,0
2010-09-13,Alta,Baixa,-0.81,-0.04,0
2010-09-14,Baixa,Baixa,-0.69,-0.44,0
2010-09-15,Baixa,Baixa,-0.59,-0.30,0
2010-09-16,Baixa,Baixa,-0.65,-0.50,0
2010-09-17,Baixa,Baixa,-0.68,0.51,1
2010-09-20,Alta,Baixa,-0.76,0.72,2
2010-09-21,Alta,Baixa,-0.80,0.94,3
2010-09-22,Baixa,Baixa,-0.83,-0.64,0
2010-09-23,Baixa,Baixa,-0.77,0.10,1
2010-09-24,Baixa,Baixa,-0.71,-0.56,0
2010-09-27,Baixa,Baixa,-0.68,0.79,1
2010-09-28,Baixa,Baixa,-0.70,-0.56,0
2010-09-29,Baixa,Baixa,-0.69,-0.39,0
2010-09-30,Alta,Baixa,-0.65,0.39,1
2010-10-01,Alta,Baixa,-0.69,-0.42,0
2010-10-04,Baixa,Baixa,-0.87,-0.48,0
2010-10-05,Baixa,Baixa,-1.05,-0.56,0
2010-10-06,Baixa,Baixa,-1.21,-0.76,0
2010-10-07,Baixa,Baixa,-1.37,0.68,1
2010-10-08,Alta,Baixa,-1.44,0.30,2
2010-10-11,Alta,Baixa,-1.38,0.35,3
2010-10-12,Alta,Baixa,-1.36,0.28,4
2010-10-13,Alta,Baixa,-1.35,0.37,5
2010-10-14,Alta,Baixa,-1.41,-0.40,0
2010-10-15,Alta,Baixa,-1.45,-0.27,0
2010-10-18,Alta,Alta,-1.55,-0.14,0
2010-10-19,Alta,Baixa,-1.60,0.80,1
2010-10-20,Alta,Alta,-1.64,0.12,2
2010-10-21,Baixa,Baixa,-1.60,-0.64,0
2010-10-22,Baixa,Baixa,-1.42,-0.70,0
2010-10-25,Alta,Alta,-1.19,0.61,1
2010-10-26,Alta,Alta,-0.91,0.59,2
2010-10-27,Alta,Alta,-0.66,-0.79,0
2010-10-28,Alta,Alta,-0.46,-0.38,0
2010-10-29,Alta,Alta,-0.33,0.80,1
2010-11-01,Alta,Alta,-0.12,0.17,2
2010-11-02,Alta,Alta,0.05,-0.50,0
2010-11-03,Alta,Alta,0.33,0.67,1
2010-11-04,Alta,Alta,0.60,0.27,2
2010-11-05,Alta,Alta,0.71,-0.69,0
2010-11-08,Alta,Alta,0.71,-0.28,0
2010-11-09,Alta,Alta,0.73,-0.57,0
2010-11-10,Baixa,Alta,0.63,0.50,1
2010-11-11,Baixa,Alta,0.51,-0.54,0
2010-11-12,Baixa,Alta,0.45,-0.13,0
2010-11-15,Baixa,Alta,0.46,0.30,1
2010-11-16,Baixa,Alta,0.39,-0.44,0
2010-11-17,Baixa,Alta,0.38,0.17,1
2010-11-18,Alta,Alta,0.46,0.47,2
2010-11-19,Alta,Alta,0.52,0.29,3
2010-11-22,Alta,Alta,0.51,0.00,0
2010-11-23,Baixa,Alta,0.52,-0.62,0
2010-11-24,Alta,Alta,0.60,0.50,1
2010-11-26,Alta,Alta,0.66,0.27,2
2010-11-29,Alta,Alta,0.72,0.38,3
2010-11-30,Alta,Alta,0.80,0.63,4
2010-12-01,Alta,Alta,0.88,-0.46,0
2010-12-02,Alta,Alta,0.89,0.65,1
2010-12-03,Baixa,Alta,0.84,-0.83,0
2010-12-06,Baixa,Baixa,0.74,-0.56,0
2010-12-07,Baixa,Baixa,0.65,0.10,1
2010-12-08,Baixa,Baixa,0.57,-0.55,0
2010-12-09,Baixa,Baixa,0.44,-0.70,0
2010-12-10,Baixa,Baixa,0.29,-0.52,0
2010-12-13,Baixa,Baixa,0.21,-0.68,0
2010-12-14,Baixa,Baixa,0.16,-0.46,0
2010-12-15,Baixa,Baixa,0.19,0.80,1
2010-12-16,Alta,Baixa,0.27,0.24,2
2010-12-17,Alta,Alta,0.42,0.77,3
2010-12-20,Alta,Alta,0.58,0.63,4
2010-12-21,Alta,Baixa,0.65,-0.69,0
2010-12-22,Alta,Alta,0.67,0.51,1
2010-12-23,Baixa,Baixa,0.58,-0.04,0
2010-12-27,Alta,Baixa,0.50,0.60,1
2010-12-28,Alta,Alta,0.40,0.05,2
2010-12-29,Alta,Alta,0.36,-0.20,0
2010-12-30,Alta,Alta,0.33,0.58,1
2010-12-31,Alta,Alta,0.37,-0.38,0
2011-01-03,Alta,Alta,0.45,0.72,1
2011-01-04,Alta,Alta,0.55,0.70,2
2011-01-05,Alta,Alta,0.65,0.66,3
2011-01-06,Alta,Alta,0.68,-0.73,0
2011-01-07,Alta,Alta,0.73,-0.50,0
2011-01-10,Alta,Alta,0.71,0.44,1
2011-01-11,Baixa,Alta,0.62,-0.12,0
2011-01-12,Alta,Alta,0.55,0.48,1
2011-01-13,Baixa,Alta,0.48,-0.48,0
2011-01-14,Baixa,Alta,0.35,0.12,1
2011-01-18,Baixa,Baixa,0.06,-0.46,0
2011-01-19,Baixa,Baixa,-0.15,0.19,1
2011-01-20,Baixa,Baixa,-0.39,-0.22,0
2011-01-21,Baixa,Baixa,-0.66,-0.56,0
2011-01-24,Baixa,Baixa,-0.78,0.61,1
2011-01-25,Baixa,Baixa,-0.75,0.15,2
2011-01-26,Alta,Baixa,-0.69,0.36,3
2011-01-27,Alta,Baixa,-0.66,-0.35,0
2011-01-28,Baixa,Baixa,-0.58,-0.46,0
2011-01-31,Baixa,Baixa,-0.61,-0.27,0
2011-02-01,Baixa,Baixa,-0.66,0.39,1
2011-02-02,Alta,Baixa,-0.72,0.88,2
2011-02-03,Baixa,Baixa,-0.76,-0.53,0
2011-02-04,Alta,Baixa,-0.71,-0.16,0
2011-02-07,Alta,Baixa,-0.69,0.07,1
2011-02-08,Alta,Baixa,-0.67,0.68,2
2011-02-09,Baixa,Baixa,-0.73,-0.80,0
2011-02-10,Baixa,Baixa,-0.81,0.29,1
2011-02-11,Alta,Baixa,-0.86,0.83,2
2011-02-14,Alta,Baixa,-0.89,0.54,3
2011-02-15,Baixa,Baixa,-0.87,0.05,4
2011-02-16,Alta,Baixa,-0.68,0.11,5
2011-02-17,Alta,Baixa,-0.50,0.13,6
2011-02-18,Baixa,Baixa,-0.40,-0.86,0
2011-02-22,Baixa,Baixa,-0.28,-0.34,0
2011-02-23,Baixa,Baixa,-0.25,-0.78,0
2011-02-24,Baixa,Baixa,-0.28,0.16,1
2011-02-25,Baixa,Baixa,-0.28,0.03,2
2011-02-28,Alta,Baixa,-0.27,0.72,3
2011-03-01,Alta,Baixa,-0.29,-0.14,0
2011-03-02,Alta,Baixa,-0.32,-0.70,0
2011-03-03,Alta,Baixa,-0.43,0.50,1
2011-03-04,Alta,Baixa,-0.44,0.65,2
2011-03-07,Alta,Baixa,-0.50,-0.44,0
2011-03-08,Alta,Alta,-0.44,0.32,1
2011-03-09,Alta,Alta,-0.36,-0.64,0
2011-03-10,Baixa,Baixa,-0.29,-0.63,0
2011-03-11,Alta,Alta,-0.28,-0.09,0
2011-03-14,Baixa,Baixa,-0.29,-0.57,0
2011-03-15,Baixa,Baixa,-0.40,0.56,1
2011-03-16,Baixa,Baixa,-0.56,-0.54,0
2011-03-17,Baixa,Baixa,-0.66,0.12,1
2011-03-18,Baixa,Baixa,-0.87,-0.63,0
2011-03-21,Baixa,Baixa,-0.96,-0.02,0
2011-03-22,Alta,Baixa,-1.01,0.12,1
2011-03-23,Alta,Baixa,-0.99,0.00,0
2011-03-24,Alta,Baixa,-0.97,-0.15,0
2011-03-25,Baixa,Baixa,-0.94,-0.71,0
2011-03-28,Baixa,Baixa,-0.94,-0.40,0
2011-03-29,Alta,Alta,-0.91,0.70,1
2011-03-30,Alta,Alta,-0.78,0.07,2
2011-03-31,Alta,Alta,-0.63,-0.07,0
2011-04-01,Alta,Alta,-0.33,0.97,1
2011-04-04,Alta,Alta,0.01,-0.05,0
2011-04-05,Alta,Alta,0.20,-0.47,0
2011-04-06,Baixa,Alta,0.26,-0.90,0
2011-04-07,Baixa,Alta,0.27,-0.47,0
2011-04-08,Alta,Alta,0.24,0.82,1
2011-04-11,Baixa,Alta,0.18,-0.81,0
2011-04-12,Baixa,Alta,0.20,-0.07,0
2011-04-13,Alta,Alta,0.26,0.22,1
2011-04-14,Alta,Alta,0.31,0.04,2
2011-04-15,Alta,Alta,0.36,0.71,3
2011-04-18,Baixa,Alta,0.29,-0.48,0
2011-04-19,Baixa,Alta,0.22,-0.68,0
2011-04-20,Baixa,Alta,0.17,-0.48,0
2011-04-21,Baixa,Alta,0.20,-0.82,0
2011-04-25,Baixa,Alta,0.17,-0.61,0
2011-04-26,Alta,Alta,0.18,0.35,1
2011-04-27,Alta,Alta,0.23,0.74,2
2011-04-28,Alta,Alta,0.30,0.19,3
2011-04-29,Alta,Alta,0.28,0.31,4
2011-05-02,Alta,Alta,0.27,0.71,5
2011-05-03,Baixa,Alta,0.30,-0.74,0
2011-05-04,Baixa,Baixa,0.28,-0.62,0
2011-05-05,Baixa,Baixa,0.27,-0.05,0
2011-05-06,Baixa,Alta,0.28,0.33,1
2011-05-09,Baixa,Alta,0.30,0.41,2
2011-05-10,Alta,Alta,0.32,0.33,3
2011-05-11,Alta,Alta,0.34,0.47,4
2011-05-12,Baixa,Baixa,0.33,-0.45,0
2011-05-13,Baixa,Baixa,0.27,-0.58,0
2011-05-16,Baixa,Baixa,0.19,0.31,1
2011-05-17,Baixa,Baixa,0.11,-0.23,0
2011-05-18,Baixa,Baixa,-0.01,-0.17,0
2011-05-19,Baixa,Baixa,-0.11,0.54,1
2011-05-20,Baixa,Baixa,-0.16,-0.31,0
2011-05-23,Baixa,Baixa,-0.26,-0.83,0
2011-05-24,Baixa,Baixa,-0.29,0.27,1
2011-05-25,Baixa,Baixa,-0.26,-0.63,0
2011-05-26,Baixa,Baixa,-0.19,-0.44,0
2011-05-27,Alta,Baixa,-0.17,0.09,1
2011-05-31,Alta,Alta,0.03,0.31,2
2011-06-01,Alta,Alta,0.10,0.16,3
2011-06-02,Alta,Alta,0.18,0.24,4
2011-06-03,Alta,Alta,0.20,0.62,5
2011-06-06,Baixa,Baixa,0.19,-0.87,0
2011-06-07,Baixa,Baixa,0.12,0.35,1
2011-06-08,Baixa,Baixa,0.13,-0.09,0
2011-06-09,Alta,Baixa,0.09,0.52,1
2011-06-10,Baixa,Baixa,0.02,-0.45,0
2011-06-13,Baixa,Baixa,-0.05,-0.66,0
2011-06-14,Baixa,Baixa,-0.20,-0.55,0
2011-06-15,Baixa,Baixa,-0.39,0.09,1
2011-06-16,Baixa,Baixa,-0.56,-0.53,0
2011-06-17,Baixa,Baixa,-0.63,-0.25,0
2011-06-20,Baixa,Baixa,-0.68,-0.43,0
2011-06-21,Baixa,Baixa,-0.70,-0.09,0
2011-06-22,Baixa,Baixa,-0.72,-0.89,0
2011-06-23,Baixa,Baixa,-0.73,-0.44,0
2011-06-24,Baixa,Baixa,-0.85,-0.93,0
2011-06-27,Baixa,Baixa,-0.90,0.94,1
2011-06-28,Baixa,Baixa,-0.95,0.43,2
2011-06-29,Baixa,Baixa,-0.96,-0.40,0
2011-06-30,Baixa,Baixa,-0.97,-0.28,0
2011-07-01,Baixa,Baixa,-0.94,-0.36,0
2011-07-05,Baixa,Baixa,-0.96,-0.08,0
2011-07-06,Alta,Baixa,-0.91,0.62,1
2011-07-07,Alta,Baixa,-0.92,-0.05,0
2011-07-08,Alta,Baixa,-0.96,0.13,1
2011-07-11,Baixa,Baixa,-1.05,-0.46,0
2011-07-12,Baixa,Baixa,-1.17,-0.63,0
2011-07-13,Baixa,Baixa,-1.34,0.18,1
2011-07-14,Baixa,Baixa,-1.49,-0.87,0
2011-07-15,Baixa,Baixa,-1.57,-0.66,0
2011-07-18,Baixa,Baixa,-1.59,-0.21,0
2011-07-19,Baixa,Baixa,-1.57,0.52,1
2011-07-20,Alta,Baixa,-1.55,0.12,2
2011-07-21,Alta,Baixa,-1.53,0.05,3
2011-07-22,Alta,Baixa,-1.50,0.30,4
2011-07-25,Alta,Baixa,-1.42,0.62,5
2011-07-26,Alta,Baixa,-1.28,0.52,6
2011-07-27,Alta,Baixa,-1.19,-0.33,0
2011-07-28,Alta,Baixa,-1.09,-0.16,0
2011-07-29,Baixa,Baixa,-1.04,0.09,1
2011-08-01,Alta,Baixa,-1.02,-0.19,0
2011-08-02,Baixa,Baixa,-1.10,-0.59,0
2011-08-03,Baixa,Baixa,-1.06,0.12,1
2011-08-04,Baixa,Baixa,-1.15,-0.53,0
2011-08-05,Baixa,Baixa,-1.21,-0.18,0
2011-08-08,Baixa,Baixa,-1.42,-0.55,0
2011-08-09,Baixa,Baixa,-1.63,-0.09,0
2011-08-10,Baixa,Baixa,-2.07,-0.68,0
2011-08-11,Baixa,Baixa,-2.36,0.35,1
2011-08-12,Baixa,Baixa,-2.66,-0.14,0
2011-08-15,Alta,Baixa,-2.74,0.83,1
2011-08-16,Alta,Baixa,-2.73,0.37,2
2011-08-17,Alta,Baixa,-2.56,0.51,3
2011-08-18,Alta,Baixa,-2.49,-0.31,0
2011-08-19,Baixa,Baixa,-2.47,-0.22,0
2011-08-22,Baixa,Baixa,-2.47,-0.38,0
2011-08-23,Alta,Baixa,-2.43,0.59,1
2011-08-24,Alta,Baixa,-2.36,0.74,2
2011-08-25,Alta,Baixa,-2.26,-0.60,0
2011-08-26,Baixa,Baixa,-2.10,-0.05,0
2011-08-29,Alta,Baixa,-1.96,0.46,1
2011-08-30,Alta,Baixa,-1.89,0.30,2
2011-08-31,Alta,Baixa,-1.80,0.53,3
2011-09-01,Alta,Baixa,-1.66,-0.30,0
2011-09-02,Alta,Baixa,-1.52,-0.33,0
2011-09-06,Baixa,Baixa,-1.47,-0.18,0
2011-09-07,Baixa,Baixa,-1.54,-0.64,0
2011-09-08,Baixa,Baixa,-1.62,0.50,1
2011-09-09,Baixa,Baixa,-1.79,-0.81,0
2011-09-12,Baixa,Baixa,-1.95,-0.36,0
2011-09-13,Baixa,Baixa,-2.08,-0.26,0
2011-09-14,Baixa,Baixa,-2.07,0.47,1
2011-09-15,Alta,Baixa,-2.11,-0.29,0
2011-09-16,Alta,Baixa,-2.13,0.00,0
2011-09-19,Alta,Baixa,-2.10,0.95,1
2011-09-20,Alta,Baixa,-1.98,-0.12,0
2011-09-21,Baixa,Baixa,-1.93,-0.85,0
2011-09-22,Baixa,Baixa,-1.97,-0.55,0
2011-09-23,Baixa,Baixa,-1.93,0.38,1
2011-09-26,Baixa,Baixa,-1.88,0.47,2
2011-09-27,Baixa,Baixa,-1.88,-0.36,0
2011-09-28,Baixa,Baixa,-1.95,-0.75,0
2011-09-29,Alta,Baixa,-1.88,0.40,1
2011-09-30,Baixa,Baixa,-1.96,-0.35,0
2011-10-03,Baixa,Baixa,-2.16,-0.74,0
2011-10-04,Baixa,Baixa,-2.45,0.27,1
2011-10-05,Baixa,Baixa,-2.62,0.71,2
2011-10-06,Alta,Baixa,-2.74,0.80,3
2011-10-07,Alta,Baixa,-2.77,-0.75,0
2011-10-10,Alta,Baixa,-2.67,0.14,1
2011-10-11,Alta,Baixa,-2.56,-0.84,0
2011-10-12,Alta,Baixa,-2.34,0.53,1
2011-10-13,Alta,Baixa,-2.25,-0.50,0
2011-10-14,Alta,Baixa,-2.04,-0.25,0
2011-10-17,Baixa,Baixa,-1.94,-0.61,0
2011-10-18,Alta,Baixa,-1.55,0.71,1
2011-10-19,Alta,Baixa,-1.27,0.04,2
2011-10-20,Alta,Baixa,-0.81,0.14,3
2011-10-21,Alta,Alta,-0.43,0.54,4
2011-10-24,Alta,Alta,0.05,0.77,5
2011-10-25,Alta,Alta,0.16,-0.24,0
2011-10-26,Alta,Alta,0.33,0.69,1
2011-10-27,Alta,Alta,0.42,0.58,2
2011-10-28,Alta,Alta,0.50,-0.69,0
2011-10-31,Baixa,Alta,0.46,-0.73,0
2011-11-01,Baixa,Alta,0.46,-0.20,0
2011-11-02,Baixa,Alta,0.37,0.42,1
2011-11-03,Alta,Alta,0.27,0.66,2
2011-11-04,Alta,Alta,0.22,0.53,3
2011-11-07,Alta,Alta,0.24,0.25,4
2011-11-08,Alta,Alta,0.30,-0.25,0
2011-11-09,Baixa,Alta,0.25,0.18,1
2011-11-10,Baixa,Alta,0.11,-0.47,0
2011-11-11,Alta,Alta,-0.02,0.43,1
2011-11-14,Baixa,Alta,-0.19,-0.49,0
2011-11-15,Baixa,Alta,-0.22,0.54,1
2011-11-16,Alta,Alta,-0.06,0.32,2
2011-11-17,Alta,Alta,0.13,-0.45,0
2011-11-18,Alta,Alta,0.33,0.29,1
2011-11-21,Baixa,Alta,0.51,0.09,2
2011-11-22,Alta,Alta,0.70,0.81,3
2011-11-23,Alta,Alta,0.75,0.38,4
2011-11-25,Alta,Alta,0.81,0.52,5
2011-11-28,Alta,Alta,0.89,0.47,6
2011-11-29,Alta,Alta,1.00,0.06,7
2011-11-30,Alta,Alta,1.11,0.64,8
2011-12-01,Alta,Alta,1.35,-0.37,0
2011-12-02,Alta,Alta,1.67,-0.82,0
2011-12-05,Alta,Alta,1.90,0.21,1
2011-12-06,Baixa,Alta,1.97,-0.92,0
2011-12-07,Baixa,Alta,1.89,-0.46,0
2011-12-08,Baixa,Baixa,1.72,-0.74,0
2011-12-09,Baixa,Baixa,1.42,-0.33,0
2011-12-12,Baixa,Baixa,1.10,-0.55,0
2011-12-13,Baixa,Baixa,0.94,-0.77,0
2011-12-14,Baixa,Baixa,0.83,-0.25,0
2011-12-15,Baixa,Baixa,0.70,-0.55,0
2011-12-16,Baixa,Baixa,0.54,-0.23,0
2011-12-19,Baixa,Baixa,0.39,-0.22,0
2011-12-20,Baixa,Baixa,0.23,-0.09,0
2011-12-21,Baixa,Baixa,0.08,-0.05,0
2011-12-22,Alta,Baixa,-0.06,0.10,1
2011-12-23,Alta,Baixa,-0.09,-0.20,0
2011-12-27,Baixa,Baixa,-0.17,-0.36,0
2011-12-28,Baixa,Baixa,-0.19,-0.30,0
2011-12-29,Baixa,Baixa,-0.29,-0.31,0
2011-12-30,Alta,Baixa,-0.32,0.24,1
2012-01-03,Alta,Baixa,-0.31,0.18,2
2012-01-04,Alta,Baixa,-0.39,-0.66,0
2012-01-05,Alta,Baixa,-0.48,0.98,1
2012-01-06,Alta,Baixa,-0.49,-0.29,0
2012-01-09,Alta,Baixa,-0.56,0.21,1
2012-01-10,Alta,Baixa,-0.75,-0.26,0
2012-01-11,Alta,Baixa,-0.74,0.08,1
2012-01-12,Alta,Alta,-0.64,-0.06,0
2012-01-13,Alta,Alta,-0.48,0.67,1
2012-01-17,Alta,Alta,-0.32,-0.90,0
2012-01-18,Alta,Alta,-0.15,0.88,1
2012-01-19,Baixa,Baixa,-0.12,-0.88,0
2012-01-20,Baixa,Baixa,-0.23,-0.49,0
2012-01-23,Baixa,Baixa,-0.40,-0.09,0
2012-01-24,Baixa,Baixa,-0.42,0.31,1
2012-01-25,Baixa,Alta,-0.39,0.62,2
2012-01-26,Alta,Alta,-0.37,-0.21,0
2012-01-27,Alta,Alta,-0.28,-0.07,0
2012-01-30,Alta,Alta,-0.19,0.95,1
2012-01-31,Alta,Alta,-0.18,0.00,0
2012-02-01,Alta,Alta,-0.11,-0.20,0
2012-02-02,Alta,Alta,0.02,0.32,1
2012-02-03,Alta,Alta,0.21,0.67,2
2012-02-06,Alta,Alta,0.31,0.70,3
2012-02-07,Alta,Alta,0.42,0.17,4
2012-02-08,Alta,Alta,0.47,-0.29,0
2012-02-09,Alta,Alta,0.45,0.13,1
2012-02-10,Baixa,Alta,0.26,-0.08,0
2012-02-13,Baixa,Alta,0.05,-0.79,0
2012-02-14,Baixa,Alta,-0.16,0.34,1
2012-02-15,Alta,Alta,-0.18,0.91,2
2012-02-16,Alta,Alta,-0.20,0.00,0
2012-02-17,Alta,Alta,0.05,0.79,1
2012-02-21,Alta,Alta,0.36,-0.38,0
2012-02-22,Alta,Alta,0.80,0.59,1
2012-02-23,Alta,Alta,1.08,0.61,2
2012-02-24,Alta,Alta,1.56,0.53,3
2012-02-27,Alta,Alta,1.87,0.22,4
2012-02-28,Baixa,Alta,2.16,-0.87,0
2012-02-29,Baixa,Alta,2.35,-0.37,0
2012-03-01,Alta,Alta,2.54,0.39,1
2012-03-02,Baixa,Alta,2.59,-0.53,0
2012-03-05,Baixa,Alta,2.55,-0.14,0
2012-03-06,Baixa,Alta,2.47,-0.79,0
2012-03-07,Baixa,Alta,2.42,0.93,1
2012-03-08,Baixa,Alta,2.34,-0.29,0
2012-03-09,Baixa,Alta,2.26,-0.24,0
2012-03-12,Baixa,Alta,2.22,0.25,1
2012-03-13,Baixa,Alta,2.15,-0.78,0
2012-03-14,Baixa,Alta,2.04,0.54,1
2012-03-15,Baixa,Alta,1.86,-0.45,0
2012-03-16,Baixa,Baixa,1.69,-0.81,0
2012-03-19,Baixa,Baixa,1.40,-0.38,0
2012-03-20,Baixa,Baixa,1.15,-0.63,0
2012-03-21,Baixa,Baixa,0.94,0.03,1
2012-03-22,Alta,Baixa,0.83,0.97,2
2012-03-23,Alta,Baixa,0.71,-0.33,0
2012-03-26,Alta,Baixa,0.67,-0.88,0
2012-03-27,Alta,Baixa,0.66,-0.26,0
2012-03-28,Alta,Baixa,0.65,0.09,1
2012-03-29,Alta,Baixa,0.58,0.09,2
2012-03-30,Alta,Baixa,0.58,-0.52,0
2012-04-02,Alta,Baixa,0.65,-0.30,0
2012-04-03,Baixa,Baixa,0.69,-0.66,0
2012-04-04,Baixa,Baixa,0.70,0.44,1
2012-04-05,Baixa,Baixa,0.72,0.21,2
2012-04-09,Baixa,Baixa,0.68,-0.73,0
2012-04-10,Baixa,Baixa,0.53,-0.97,0
2012-04-11,Baixa,Baixa,0.43,0.04,1
2012-04-12,Baixa,Baixa,0.30,-0.08,0
2012-04-13,Baixa,Baixa,0.10,-0.54,0
2012-04-16,Baixa,Baixa,-0.09,-0.33,0
2012-04-17,Baixa,Baixa,-0.27,-0.53,0
2012-04-18,Baixa,Baixa,-0.48,-0.38,0
2012-04-19,Baixa,Baixa,-0.69,-0.50,0
2012-04-20,Baixa,Baixa,-0.82,-0.31,0
2012-04-23,Baixa,Baixa,-1.00,-0.79,0
2012-04-24,Baixa,Baixa,-1.07,0.52,1
2012-04-25,Alta,Baixa,-1.06,0.78,2
2012-04-26,Alta,Baixa,-1.06,-0.12,0
2012-04-27,Alta,Baixa,-1.18,0.05,1
2012-04-30,Alta,Baixa,-1.19,0.14,2
2012-05-01,Alta,Baixa,-1.32,0.30,3
2012-05-02,Baixa,Baixa,-1.48,-0.48,0
2012-05-03,Baixa,Baixa,-1.70,-0.77,0
2012-05-04,Baixa,Baixa,-1.83,-0.23,0
2012-05-07,Baixa,Baixa,-2.04,0.24,1
2012-05-08,Baixa,Baixa,-2.21,-0.06,0
2012-05-09,Baixa,Baixa,-2.38,-0.37,0
2012-05-10,Baixa,Baixa,-2.45,-0.11,0
2012-05-11,Baixa,Baixa,-2.52,0.25,1
2012-05-14,Baixa,Baixa,-2.59,-0.64,0
2012-05-15,Baixa,Baixa,-2.65,-0.13,0
2012-05-16,Baixa,Baixa,-2.62,0.29,1
2012-05-17,Baixa,Baixa,-2.74,-0.92,0
2012-05-18,Baixa,Baixa,-2.85,-0.26,0
2012-05-21,Baixa,Baixa,-2.86,0.45,1
2012-05-22,Baixa,Baixa,-2.90,-0.45,0
2012-05-23,Baixa,Baixa,-2.93,-0.07,0
2012-05-24,Baixa,Baixa,-2.84,0.35,1
2012-05-25,Baixa,Baixa,-3.00,-0.84,0
2012-05-29,Baixa,Baixa,-2.99,0.75,1
2012-05-30,Baixa,Baixa,-3.05,-0.30,0
2012-05-31,Baixa,Baixa,-3.14,-0.68,0
2012-06-01,Baixa,Baixa,-3.35,-0.46,0
2012-06-04,Baixa,Baixa,-3.35,-0.04,0
2012-06-05,Baixa,Baixa,-3.57,0.39,1
2012-06-06,Alta,Baixa,-3.60,0.63,2
2012-06-07,Alta,Baixa,-3.62,0.61,3
2012-06-08,Alta,Baixa,-3.58,0.23,4
2012-06-11,Alta,Baixa,-3.53,-0.76,0
2012-06-12,Alta,Baixa,-3.40,0.82,1
2012-06-13,Baixa,Baixa,-3.49,-0.86,0
2012-06-14,Baixa,Baixa,-3.57,0.52,1
2012-06-15,Baixa,Baixa,-3.61,0.03,2
2012-06-18,Alta,Baixa,-3.53,0.68,3
2012-06-19,Alta,Baixa,-3.46,0.63,4
2012-06-20,Alta,Baixa,-3.23,0.08,5
2012-06-21,Baixa,Baixa,-3.15,-0.77,0
2012-06-22,Baixa,Baixa,-3.09,0.40,1
2012-06-25,Baixa,Baixa,-3.06,-0.44,0
2012-06-26,Baixa,Baixa,-3.06,0.24,1
2012-06-27,Alta,Baixa,-3.07,0.69,2
2012-06-28,Baixa,Baixa,-3.00,-0.30,0
2012-06-29,Alta,Baixa,-2.83,0.23,1
2012-07-02,Alta,Baixa,-2.70,-0.75,0
2012-07-03,Alta,Baixa,-2.47,0.64,1
2012-07-05,Baixa,Baixa,-2.40,-0.38,0
2012-07-06,Baixa,Baixa,-2.41,-0.28,0
2012-07-09,Baixa,Baixa,-2.49,0.47,1
2012-07-10,Baixa,Baixa,-2.54,-0.16,0
2012-07-11,Alta,Baixa,-2.68,0.88,1
2012-07-12,Alta,Baixa,-2.75,0.50,2
2012-07-13,Alta,Baixa,-2.68,0.70,3
2012-07-16,Alta,Alta,-2.51,0.40,4
2012-07-17,Alta,Alta,-2.25,0.74,5
2012-07-18,Alta,Alta,-2.04,0.54,6
2012-07-19,Alta,Alta,-1.71,0.54,7
2012-07-20,Alta,Alta,-1.44,-0.41,0
2012-07-23,Baixa,Baixa,-1.42,-0.67,0
2012-07-24,Baixa,Baixa,-1.52,-0.55,0
2012-07-25,Baixa,Baixa,-1.51,-0.19,0
2012-07-26,Alta,Alta,-1.50,0.91,1
2012-07-27,Alta,Alta,-1.46,0.96,2
2012-07-30,Alta,Alta,-1.13,0.71,3
2012-07-31,Alta,Alta,-0.81,-0.22,0
2012-08-01,Alta,Alta,-0.53,0.60,1
2012-08-02,Alta,Alta,-0.32,0.46,2
2012-08-03,Alta,Alta,-0.07,0.23,3
2012-08-06,Alta,Alta,0.05,0.08,4
2012-08-07,Alta,Alta,0.54,-0.35,0
2012-08-08,Alta,Alta,0.82,0.68,1
2012-08-09,Alta,Alta,1.24,0.68,2
2012-08-10,Alta,Alta,1.67,0.54,3
2012-08-13,Alta,Alta,2.12,-0.13,0
2012-08-14,Alta,Alta,2.23,0.38,1
2012-08-15,Alta,Alta,2.70,0.43,2
2012-08-16,Alta,Alta,2.86,-0.32,0
2012-08-17,Alta,Alta,3.06,0.89,1
2012-08-20,Alta,Alta,3.16,-0.27,0
2012-08-21,Alta,Alta,3.30,-0.48,0
2012-08-22,Alta,Alta,3.14,-0.22,0
2012-08-23,Baixa,Alta,3.21,-0.38,0
2012-08-24,Baixa,Alta,3.15,0.35,1
2012-08-27,Baixa,Alta,3.15,-0.31,0
2012-08-28,Alta,Alta,3.05,-0.03,0
2012-08-29,Alta,Alta,3.02,0.23,1
2012-08-30,Alta,Alta,2.90,0.58,2
2012-08-31,Alta,Alta,2.93,0.68,3
2012-09-04,Alta,Alta,2.96,0.30,4
2012-09-05,Alta,Alta,3.16,0.83,5
2012-09-06,Alta,Alta,3.41,0.67,6
2012-09-07,Alta,Alta,3.70,0.83,7
2012-09-10,Alta,Alta,3.85,0.11,8
2012-09-11,Alta,Alta,4.00,0.88,9
2012-09-12,Alta,Alta,4.05,0.35,10
2012-09-13,Alta,Alta,4.08,0.73,11
2012-09-14,Alta,Alta,4.12,-0.29,0
2012-09-17,Alta,Alta,4.17,-0.42,0
2012-09-18,Alta,Alta,4.25,0.61,1
2012-09-19,Alta,Alta,4.30,-0.58,0
2012-09-20,Baixa,Alta,4.23,-0.24,0
2012-09-21,Baixa,Alta,4.14,0.90,1
2012-09-24,Baixa,Alta,3.97,-0.35,0
2012-09-25,Baixa,Alta,3.78,0.41,1
2012-09-26,Baixa,Alta,3.55,0.00,0
2012-09-27,Alta,Alta,3.46,0.26,1
2012-09-28,Alta,Alta,3.32,0.73,2
2012-10-01,Alta,Alta,3.29,0.14,3
2012-10-02,Alta,Alta,3.40,0.20,4
2012-10-03,Alta,Alta,3.63,0.47,5
2012-10-04,Alta,Alta,3.76,-0.45,0
2012-10-05,Baixa,Alta,3.80,-0.68,0
2012-10-08,Baixa,Alta,3.73,-0.42,0
2012-10-09,Baixa,Alta,3.47,-0.81,0
2012-10-10,Baixa,Alta,3.15,-0.48,0
2012-10-11,Baixa,Alta,2.86,-0.25,0
2012-10-12,Baixa,Alta,2.68,0.53,1
2012-10-15,Baixa,Alta,2.51,-0.51,0
2012-10-16,Baixa,Alta,2.33,-0.28,0
2012-10-17,Baixa,Baixa,2.16,-0.25,0
2012-10-18,Baixa,Alta,2.04,0.43,1
2012-10-19,Baixa,Baixa,1.88,-0.68,0
2012-10-22,Alta,Alta,1.80,0.83,1
2012-10-23,Baixa,Baixa,1.72,0.00,0
2012-10-24,Baixa,Baixa,1.59,-0.71,0
2012-10-25,Baixa,Baixa,1.30,-0.53,0
2012-10-26,Baixa,Baixa,1.09,0.16,1
2012-10-31,Alta,Baixa,0.78,0.82,2
2012-11-01,Alta,Alta,0.65,0.62,3
2012-11-02,Alta,Alta,0.57,-0.05,0
2012-11-05,Alta,Baixa,0.63,-0.14,0
2012-11-06,Alta,Baixa,0.69,0.58,1
2012-11-07,Baixa,Baixa,0.78,-0.79,0
2012-11-08,Baixa,Baixa,0.69,-0.48,0
2012-11-09,Baixa,Baixa,0.58,0.42,1
2012-11-12,Baixa,Baixa,0.46,0.33,2
2012-11-13,Baixa,Baixa,0.33,0.28,3
2012-11-14,Alta,Baixa,0.26,0.21,4
2012-11-15,Baixa,Baixa,0.18,-0.29,0
2012-11-16,Baixa,Baixa,0.07,-0.33,0
2012-11-19,Alta,Baixa,-0.06,0.00,0
2012-11-20,Alta,Baixa,-0.26,0.26,1
2012-11-21,Baixa,Baixa,-0.47,-0.89,0
2012-11-23,Alta,Baixa,-0.64,-0.07,0
2012-11-26,Baixa,Baixa,-0.79,-0.81,0
2012-11-27,Baixa,Baixa,-1.02,-0.83,0
2012-11-28,Baixa,Baixa,-1.16,0.42,1
2012-11-29,Baixa,Baixa,-1.30,-0.31,0
2012-11-30,Alta,Baixa,-1.37,0.34,1
2012-12-03,Baixa,Baixa,-1.44,-0.77,0
2012-12-04,Alta,Baixa,-1.26,0.90,1
2012-12-05,Alta,Baixa,-1.13,-0.29,0
2012-12-06,Alta,Baixa,-0.98,0.55,1
2012-12-07,Alta,Baixa,-0.85,0.45,2
2012-12-10,Alta,Alta,-0.62,0.63,3
2012-12-11,Alta,Alta,-0.56,0.07,4
2012-12-12,Alta,Alta,-0.54,-0.89,0
2012-12-13,Alta,Alta,-0.54,0.52,1
2012-12-14,Baixa,Alta,-0.62,-0.07,0
2012-12-17,Alta,Alta,-0.73,0.55,1
2012-12-18,Alta,Alta,-0.72,0.57,2
2012-12-19,Alta,Alta,-0.66,-1.00,0
2012-12-20,Alta,Alta,-0.60,-0.71,0
2012-12-21,Baixa,Baixa,-0.51,-0.66,0
2012-12-24,Alta,Alta,-0.32,0.71,1
2012-12-26,Alta,Alta,-0.20,0.42,2
2012-12-27,Alta,Alta,-0.06,0.32,3
2012-12-28,Baixa,Alta,0.01,-0.78,0
2012-12-31,Alta,Alta,0.16,0.31,1
2013-01-02,Alta,Alta,0.23,-0.12,0
2013-01-03,Alta,Alta,0.27,0.09,1
2013-01-04,Alta,Alta,0.36,0.96,2
2013-01-07,Alta,Alta,0.46,-0.10,0
2013-01-08,Baixa,Alta,0.51,-0.73,0
2013-01-09,Baixa,Alta,0.56,0.26,1
2013-01-10,Baixa,Alta,0.63,-0.14,0
2013-01-11,Baixa,Alta,0.62,-0.67,0
2013-01-14,Alta,Alta,0.64,0.13,1
2013-01-15,Alta,Alta,0.62,0.64,2
2013-01-16,Alta,Alta,0.73,0.90,3
2013-01-17,Alta,Alta,0.87,0.35,4
2013-01-18,Alta,Alta,1.02,-0.31,0
2013-01-22,Alta,Alta,1.27,0.20,1
2013-01-23,Alta,Alta,1.58,0.41,2
2013-01-24,Alta,Alta,1.77,0.21,3
2013-01-25,Alta,Alta,1.90,-0.85,0
2013-01-28,Baixa,Alta,2.02,-0.33,0
2013-01-29,Baixa,Alta,2.00,-0.32,0
2013-01-30,Baixa,Alta,1.99,-0.36,0
2013-01-31,Baixa,Alta,1.96,0.32,1
2013-02-01,Alta,Alta,1.97,0.44,2
2013-02-04,Alta,Alta,1.99,0.36,3
2013-02-05,Alta,Alta,2.11,0.64,4
2013-02-06,Alta,Alta,2.16,0.34,5
2013-02-07,Alta,Alta,2.20,-0.24,0
2013-02-08,Alta,Alta,2.33,0.33,1
2013-02-11,Alta,Alta,2.47,0.46,2
2013-02-12,Alta,Alta,2.54,-0.72,0
2013-02-13,Alta,Alta,2.58,-0.15,0
2013-02-14,Baixa,Alta,2.59,-0.43,0
2013-02-15,Baixa,Alta,2.45,0.50,1
2013-02-19,Alta,Alta,2.33,0.43,2
2013-02-20,Baixa,Alta,2.17,-0.55,0
2013-02-21,Baixa,Alta,1.98,-0.48,0
2013-02-22,Baixa,Alta,1.81,0.67,1
2013-02-25,Baixa,Alta,1.64,-0.69,0
2013-02-26,Baixa,Alta,1.44,-0.38,0
2013-02-27,Baixa,Alta,1.34,0.46,1
2013-02-28,Alta,Alta,1.36,0.39,2
2013-03-01,Alta,Alta,1.30,0.48,3
2013-03-04,Baixa,Alta,1.26,-0.48,0
2013-03-05,Alta,Alta,1.32,0.71,1
2013-03-06,Alta,Alta,1.42,0.41,2
2013-03-07,Alta,Alta,1.52,-0.86,0
2013-03-08,Alta,Alta,1.57,-0.78,0
2013-03-11,Alta,Alta,1.62,0.40,1
2013-03-12,Baixa,Alta,1.55,-0.56,0
2013-03-13,Baixa,Alta,1.46,-0.37,0
2013-03-14,Baixa,Alta,1.31,-0.06,0
2013-03-15,Baixa,Baixa,1.20,-0.45,0
2013-03-18,Baixa,Baixa,1.06,-0.35,0
2013-03-19,Baixa,Baixa,0.93,0.00,0
2013-03-20,Baixa,Baixa,0.79,0.20,1
2013-03-21,Baixa,Baixa,0.73,-0.20,0
2013-03-22,Alta,Baixa,0.74,0.33,1
2013-03-25,Baixa,Baixa,0.79,-0.69,0
2013-03-26,Baixa,Baixa,0.86,0.00,0
2013-03-27,Alta,Baixa,0.90,0.70,1
2013-03-28,Alta,Baixa,0.86,0.77,2
2013-04-01,Alta,Baixa,0.70,0.36,3
2013-04-02,Alta,Alta,0.59,0.54,4
2013-04-03,Alta,Baixa,0.42,-0.98,0
2013-04-04,Baixa,Baixa,0.15,-0.66,0
2013-04-05,Baixa,Baixa,-0.06,0.74,1
2013-04-08,Baixa,Baixa,-0.18,0.39,2
2013-04-09,Alta,Baixa,-0.25,0.30,3
2013-04-10,Alta,Baixa,-0.26,-0.11,0
2013-04-11,Alta,Alta,-0.15,0.30,1
2013-04-12,Alta,Alta,-0.02,0.95,2
2013-04-15,Alta,Baixa,0.05,-0.47,0
2013-04-16,Alta,Alta,0.06,0.62,1
2013-04-17,Baixa,Baixa,0.02,-0.67,0
2013-04-18,Alta,Alta,0.01,0.21,1
2013-04-19,Alta,Alta,-0.04,-0.20,0
2013-04-22,Alta,Alta,-0.02,-0.47,0
2013-04-23,Alta,Alta,-0.02,-0.50,0
2013-04-24,Alta,Alta,-0.03,0.00,0
2013-04-25,Alta,Alta,0.03,0.50,1
2013-04-26,Alta,Alta,0.02,-0.79,0
2013-04-29,Baixa,Alta,0.00,-0.87,0
2013-04-30,Baixa,Alta,-0.02,-0.56,0
2013-05-01,Baixa,Alta,-0.02,-0.50,0
2013-05-02,Baixa,Baixa,-0.12,-0.67,0
2013-05-03,Baixa,Baixa,-0.13,-0.31,0
2013-05-06,Baixa,Baixa,-0.18,-0.50,0
2013-05-07,Baixa,Baixa,-0.13,-0.04,0
2013-05-08,Alta,Alta,0.04,0.87,1
2013-05-09,Alta,Alta,0.17,-0.38,0
2013-05-10,Alta,Alta,0.25,0.65,1
2013-05-13,Alta,Alta,0.38,0.33,2
2013-05-14,Alta,Alta,0.47,0.37,3
2013-05-15,Baixa,Alta,0.34,-0.54,0
2013-05-16,Baixa,Baixa,0.15,-0.83,0
2013-05-17,Baixa,Baixa,-0.04,0.78,1
2013-05-20,Baixa,Baixa,-0.17,0.38,2
2013-05-21,Baixa,Alta,-0.32,0.60,3
2013-05-22,Baixa,Baixa,-0.37,-0.58,0
2013-05-23,Baixa,Baixa,-0.33,-0.41,0
2013-05-24,Baixa,Baixa,-0.32,0.36,1
2013-05-28,Baixa,Baixa,-0.31,-0.33,0
2013-05-29,Baixa,Baixa,-0.29,-0.44,0
2013-05-30,Baixa,Baixa,-0.31,-0.59,0
2013-05-31,Baixa,Baixa,-0.36,-0.46,0
2013-06-03,Baixa,Baixa,-0.40,0.12,1
2013-06-04,Baixa,Baixa,-0.52,-0.29,0
2013-06-05,Baixa,Baixa,-0.65,-0.52,0
2013-06-06,Baixa,Baixa,-0.75,-0.54,0
2013-06-07,Alta,Baixa,-0.76,0.92,1
2013-06-10,Alta,Baixa,-0.79,0.42,2
2013-06-11,Alta,Baixa,-0.79,-0.18,0
2013-06-12,Alta,Baixa,-0.87,-0.40,0
2013-06-13,Alta,Baixa,-0.84,0.70,1
2013-06-14,Alta,Baixa,-0.74,0.78,2
2013-06-17,Alta,Baixa,-0.66,-0.64,0
2013-06-18,Alta,Baixa,-0.53,0.53,1
2013-06-19,Alta,Baixa,-0.41,-0.03,0
2013-06-20,Baixa,Baixa,-0.43,-0.38,0
2013-06-21,Baixa,Baixa,-0.58,-0.39,0
2013-06-24,Baixa,Baixa,-0.78,0.05,1
2013-06-25,Baixa,Baixa,-0.95,-0.16,0
2013-06-26,Baixa,Baixa,-1.07,0.27,1
2013-06-27,Alta,Baixa,-1.04,0.74,2
2013-06-28,Alta,Baixa,-1.06,-0.80,0
2013-07-01,Alta,Baixa,-1.00,-0.39,0
2013-07-02,Alta,Baixa,-1.02,-0.45,0
2013-07-03,Baixa,Baixa,-1.04,-0.56,0
2013-07-05,Baixa,Baixa,-1.13,0.38,1
2013-07-08,Baixa,Baixa,-1.23,-0.46,0
2013-07-09,Baixa,Baixa,-1.27,-0.43,0
2013-07-10,Alta,Baixa,-1.26,0.07,1
2013-07-11,Alta,Baixa,-1.17,0.09,2
2013-07-12,Alta,Alta,-1.05,0.96,3
2013-07-15,Alta,Alta,-0.79,0.00,0
2013-07-16,Alta,Alta,-0.58,-0.42,0
2013-07-17,Alta,Alta,-0.43,0.00,0
2013-07-18,Alta,Alta,-0.36,0.11,1
2013-07-19,Alta,Alta,-0.40,0.57,2
2013-07-22,Baixa,Alta,-0.49,0.00,0
2013-07-23,Alta,Alta,-0.57,0.83,1
2013-07-24,Alta,Alta,-0.63,-0.56,0
2013-07-25,Baixa,Alta,-0.73,-0.52,0
2013-07-26,Baixa,Alta,-0.72,-0.36,0
2013-07-29,Baixa,Baixa,-0.69,-0.50,0
2013-07-30,Baixa,Baixa,-0.68,-0.71,0
2013-07-31,Baixa,Baixa,-0.71,-0.18,0
2013-08-01,Baixa,Baixa,-0.69,0.05,1
2013-08-02,Baixa,Baixa,-0.68,-0.64,0
2013-08-05,Baixa,Baixa,-0.67,-0.10,0
2013-08-06,Baixa,Baixa,-0.64,-0.45,0
2013-08-07,Alta,Alta,-0.50,0.47,1
2013-08-08,Alta,Alta,-0.27,0.16,2
2013-08-09,Alta,Alta,-0.03,-0.04,0
2013-08-12,Alta,Alta,0.20,-0.23,0
2013-08-13,Alta,Alta,0.45,0.47,1
2013-08-14,Alta,Alta,0.66,-0.15,0
2013-08-15,Alta,Alta,0.78,0.53,1
2013-08-16,Alta,Alta,0.90,0.50,2
2013-08-19,Alta,Alta,0.93,0.30,3
2013-08-20,Alta,Alta,0.94,0.75,4
2013-08-21,Baixa,Alta,0.93,-0.69,0
2013-08-22,Alta,Alta,0.92,-0.05,0
2013-08-23,Alta,Alta,0.87,0.64,1
2013-08-26,Alta,Alta,0.87,-0.07,0
2013-08-27,Baixa,Alta,0.81,-0.75,0
2013-08-28,Baixa,Alta,0.73,-0.11,0
2013-08-29,Baixa,Alta,0.65,-0.20,0
2013-08-30,Baixa,Alta,0.60,-0.23,0
2013-09-03,Baixa,Alta,0.61,-0.57,0
2013-09-04,Baixa,Alta,0.70,-0.45,0
2013-09-05,Alta,Alta,0.86,0.83,1
2013-09-06,Alta,Alta,0.98,-0.30,0
2013-09-09,Alta,Alta,1.00,0.42,1
2013-09-10,Alta,Alta,1.05,0.08,2
2013-09-11,Alta,Alta,1.09,0.41,3
2013-09-12,Alta,Alta,1.08,-0.58,0
2013-09-13,Alta,Alta,1.13,-0.42,0
2013-09-16,Alta,Alta,1.20,0.00,0
2013-09-17,Baixa,Alta,1.22,-0.56,0
2013-09-18,Alta,Alta,1.23,0.00,0
2013-09-19,Alta,Alta,1.25,0.38,1
2013-09-20,Alta,Alta,1.20,-0.33,0
2013-09-23,Baixa,Alta,1.11,-0.68,0
2013-09-24,Alta,Alta,1.02,0.52,1
2013-09-25,Alta,Alta,0.93,-0.47,0
2013-09-26,Baixa,Alta,0.82,-0.27,0
2013-09-27,Alta,Alta,0.78,0.50,1
2013-09-30,Alta,Alta,0.87,0.84,2
2013-10-01,Alta,Alta,1.10,0.75,3
2013-10-02,Alta,Alta,1.30,0.35,4
2013-10-03,Alta,Alta,1.50,-0.57,0
2013-10-04,Alta,Alta,1.70,-0.40,0
2013-10-07,Alta,Alta,1.86,0.88,1
2013-10-08,Baixa,Alta,1.86,-0.48,0
2013-10-09,Baixa,Alta,1.93,-0.07,0
2013-10-10,Alta,Alta,2.03,0.56,1
2013-10-11,Baixa,Alta,2.06,-0.80,0
2013-10-14,Baixa,Alta,2.08,0.67,1
2013-10-15,Alta,Alta,2.13,0.16,2
2013-10-16,Alta,Alta,2.24,0.56,3
2013-10-17,Alta,Alta,2.26,0.45,4
2013-10-18,Alta,Alta,2.30,0.60,5
2013-10-21,Alta,Alta,2.31,0.76,6
2013-10-22,Alta,Alta,2.43,0.55,7
2013-10-23,Alta,Alta,2.49,0.82,8
2013-10-24,Alta,Alta,2.59,-0.33,0
2013-10-25,Alta,Alta,2.76,0.71,1
2013-10-28,Alta,Alta,2.88,-0.42,0
2013-10-29,Alta,Alta,2.91,0.24,1
2013-10-30,Alta,Alta,2.96,0.71,2
2013-10-31,Alta,Alta,3.00,0.00,0
2013-11-01,Alta,Alta,2.98,-0.70,0
2013-11-04,Alta,Alta,3.02,0.70,1
2013-11-05,Baixa,Alta,2.97,-0.03,0
2013-11-06,Baixa,Alta,2.78,-0.15,0
2013-11-07,Baixa,Alta,2.59,-0.43,0
2013-11-08,Baixa,Alta,2.44,-0.23,0
2013-11-11,Baixa,Alta,2.24,-0.67,0
2013-11-12,Baixa,Alta,2.03,-0.69,0
2013-11-13,Baixa,Alta,1.92,0.79,1
2013-11-14,Baixa,Alta,1.80,-0.29,0
2013-11-15,Baixa,Alta,1.67,0.00,0
2013-11-18,Baixa,Alta,1.56,-0.23,0
2013-11-19,Baixa,Alta,1.48,-0.14,0
2013-11-20,Baixa,Baixa,1.32,-0.81,0
2013-11-21,Baixa,Baixa,1.25,0.16,1
2013-11-22,Alta,Alta,1.20,0.35,2
2013-11-25,Baixa,Baixa,1.11,-0.94,0
2013-11-26,Baixa,Baixa,1.09,0.26,1
2013-11-27,Alta,Baixa,1.12,-0.11,0
2013-11-29,Alta,Baixa,1.12,-0.24,0
2013-12-02,Alta,Baixa,1.08,0.41,1
2013-12-03,Alta,Baixa,1.14,0.64,2
2013-12-04,Baixa,Baixa,1.11,-0.58,0
2013-12-05,Baixa,Baixa,1.03,-0.81,0
2013-12-06,Baixa,Baixa,1.00,0.03,1
2013-12-09,Baixa,Baixa,0.96,-0.50,0
2013-12-10,Baixa,Baixa,0.82,0.22,1
2013-12-11,Baixa,Baixa,0.63,-0.65,0
2013-12-12,Alta,Baixa,0.47,0.53,1
2013-12-13,Alta,Baixa,0.31,-0.61,0
2013-12-16,Alta,Baixa,0.18,0.17,1
2013-12-17,Alta,Baixa,0.12,0.62,2
2013-12-18,Alta,Baixa,0.20,-0.10,0
2013-12-19,Alta,Baixa,0.26,-0.13,0
2013-12-20,Alta,Baixa,0.27,0.90,1
2013-12-23,Alta,Alta,0.35,0.46,2
2013-12-24,Alta,Alta,0.43,-0.25,0
2013-12-26,Alta,Alta,0.49,-0.25,0
2013-12-27,Alta,Alta,0.52,0.09,1
2013-12-30,Alta,Alta,0.53,-0.31,0
2013-12-31,Alta,Alta,0.46,0.32,1
2014-01-02,Baixa,Alta,0.34,-0.32,0
2014-01-03,Baixa,Baixa,0.06,-0.51,0
2014-01-06,Baixa,Baixa,-0.23,-0.69,0
2014-01-07,Baixa,Baixa,-0.45,0.59,1
2014-01-08,Baixa,Baixa,-0.71,-0.33,0
2014-01-09,Baixa,Baixa,-0.96,-0.51,0
2014-01-10,Baixa,Baixa,-1.08,-0.45,0
2014-01-13,Baixa,Baixa,-1.17,0.97,1
2014-01-14,Alta,Baixa,-1.23,0.33,2
2014-01-15,Alta,Alta,-1.22,-0.23,0
2014-01-16,Alta,Baixa,-1.25,-0.64,0
2014-01-17,Alta,Alta,-1.21,0.29,1
2014-01-21,Baixa,Baixa,-1.04,-0.64,0
2014-01-22,Baixa,Alta,-0.90,0.06,1
2014-01-23,Alta,Alta,-0.78,0.80,2
2014-01-24,Baixa,Baixa,-0.69,-0.97,0
2014-01-27,Baixa,Baixa,-0.58,0.32,1
2014-01-28,Baixa,Baixa,-0.82,-0.77,0
2014-01-29,Baixa,Baixa,-1.20,-0.63,0
2014-01-30,Baixa,Baixa,-1.54,-0.23,0
2014-01-31,Baixa,Baixa,-1.81,0.70,1
2014-02-03,Baixa,Baixa,-2.17,-0.43,0
2014-02-04,Baixa,Baixa,-2.23,-0.29,0
2014-02-05,Baixa,Baixa,-2.23,-0.13,0
2014-02-06,Alta,Baixa,-2.25,0.30,1
2014-02-07,Alta,Baixa,-2.14,0.45,2
2014-02-10,Alta,Baixa,-2.03,-0.19,0
2014-02-11,Alta,Baixa,-1.98,-0.37,0
2014-02-12,Alta,Baixa,-1.91,0.64,1
2014-02-13,Alta,Baixa,-1.83,0.17,2
2014-02-14,Alta,Baixa,-1.86,0.80,3
2014-02-18,Alta,Baixa,-1.83,-0.54,0
2014-02-19,Baixa,Baixa,-1.76,-0.47,0
2014-02-20,Alta,Baixa,-1.69,0.54,1
2014-02-21,Alta,Baixa,-1.60,0.13,2
2014-02-24,Alta,Baixa,-1.53,-0.14,0
2014-02-25,Alta,Baixa,-1.51,-0.18,0
2014-02-26,Baixa,Baixa,-1.55,0.14,1
2014-02-27,Alta,Baixa,-1.58,0.12,2
2014-02-28,Baixa,Baixa,-1.66,-0.58,0
2014-03-03,Baixa,Baixa,-1.84,0.52,1
2014-03-04,Baixa,Baixa,-1.97,-0.57,0
2014-03-05,Baixa,Baixa,-2.06,0.00,0
2014-03-06,Baixa,Baixa,-2.22,-0.82,0
2014-03-07,Baixa,Baixa,-2.50,-0.92,0
2014-03-10,Baixa,Baixa,-2.69,0.37,1
2014-03-11,Baixa,Baixa,-2.96,-0.91,0
2014-03-12,Baixa,Baixa,-3.28,0.56,1
2014-03-13,Baixa,Baixa,-3.56,-0.80,0
2014-03-14,Baixa,Baixa,-3.69,0.91,1
2014-03-17,Baixa,Baixa,-3.77,0.04,2
2014-03-18,Alta,Baixa,-3.70,0.20,3
2014-03-19,Alta,Baixa,-3.56,0.16,4
2014-03-20,Alta,Baixa,-3.46,-0.53,0
2014-03-21,Alta,Baixa,-3.34,-0.59,0
2014-03-24,Baixa,Baixa,-3.27,-0.56,0
2014-03-25,Baixa,Baixa,-3.29,0.20,1
2014-03-26,Alta,Baixa,-3.33,0.33,2
2014-03-27,Baixa,Baixa,-3.37,-0.31,0
2014-03-28,Baixa,Baixa,-3.46,-0.48,0
2014-03-31,Alta,Baixa,-3.45,0.11,1
2014-04-01,Alta,Baixa,-3.48,-0.26,0
2014-04-02,Alta,Baixa,-3.48,0.43,1
2014-04-03,Alta,Baixa,-3.46,-0.56,0
2014-04-04,Baixa,Baixa,-3.51,-0.78,0
2014-04-07,Baixa,Baixa,-3.49,-0.13,0
2014-04-08,Baixa,Baixa,-3.47,0.43,1
2014-04-09,Baixa,Baixa,-3.16,-0.60,0
2014-04-10,Baixa,Baixa,-2.77,-0.57,0
2014-04-11,Baixa,Baixa,-2.27,0.48,1
2014-04-14,Baixa,Baixa,-1.94,0.19,2
2014-04-15,Baixa,Baixa,-1.60,-0.59,0
2014-04-16,Alta,Baixa,-1.49,0.81,1
2014-04-17,Alta,Baixa,-1.28,0.87,2
2014-04-21,Alta,Alta,-1.06,-0.77,0
2014-04-22,Alta,Baixa,-0.96,0.32,1
2014-04-23,Alta,Baixa,-0.89,-0.82,0
2014-04-24,Baixa,Baixa,-0.93,-0.52,0
2014-04-25,Baixa,Baixa,-1.22,-0.78,0
2014-04-28,Baixa,Baixa,-1.52,-0.45,0
2014-04-29,Baixa,Baixa,-1.71,-0.43,0
2014-04-30,Baixa,Baixa,-1.84,0.25,1
2014-05-01,Baixa,Baixa,-1.91,-0.33,0
2014-05-02,Baixa,Baixa,-1.95,-1.00,0
2014-05-05,Baixa,Baixa,-2.08,-0.69,0
2014-05-06,Baixa,Baixa,-2.16,-0.35,0
2014-05-07,Alta,Baixa,-2.20,0.37,1
2014-05-08,Baixa,Baixa,-2.28,-0.40,0
2014-05-09,Alta,Baixa,-2.31,0.50,1
2014-05-12,Alta,Baixa,-2.22,-0.14,0
2014-05-13,Alta,Baixa,-2.05,-0.44,0
2014-05-14,Baixa,Baixa,-2.09,-0.24,0
2014-05-15,Baixa,Baixa,-2.15,-0.78,0
2014-05-16,Baixa,Baixa,-2.11,0.50,1
2014-05-19,Baixa,Baixa,-1.95,0.59,2
2014-05-20,Baixa,Baixa,-1.93,-0.38,0
2014-05-21,Alta,Baixa,-1.69,0.76,1
2014-05-22,Alta,Baixa,-1.39,0.82,2
2014-05-23,Alta,Baixa,-1.08,0.51,3
2014-05-27,Alta,Baixa,-0.94,0.39,4
2014-05-28,Alta,Baixa,-0.76,0.29,5
2014-05-29,Alta,Baixa,-0.67,0.54,6
2014-05-30,Alta,Baixa,-0.63,-0.45,0
2014-06-02,Alta,Alta,-0.65,0.54,1
2014-06-03,Alta,Baixa,-0.65,-0.67,0
2014-06-04,Alta,Alta,-0.52,-0.20,0
2014-06-05,Alta,Alta,-0.34,0.52,1
2014-06-06,Alta,Alta,-0.18,-0.26,0
2014-06-09,Alta,Alta,-0.02,0.21,1
2014-06-10,Alta,Alta,0.14,-0.27,0
2014-06-11,Baixa,Alta,0.04,-0.75,0
2014-06-12,Baixa,Alta,-0.06,0.44,1
2014-06-13,Baixa,Alta,-0.21,-0.91,0
2014-06-16,Baixa,Baixa,-0.38,-0.32,0
2014-06-17,Baixa,Alta,-0.47,0.39,1
2014-06-18,Baixa,Alta,-0.39,0.79,2
2014-06-19,Alta,Alta,-0.30,0.48,3
2014-06-20,Alta,Alta,-0.12,-0.47,0
2014-06-23,Alta,Alta,0.14,0.25,1
2014-06-24,Baixa,Alta,0.22,-0.32,0
2014-06-25,Baixa,Alta,0.29,0.30,1
2014-06-26,Alta,Alta,0.41,0.00,0
2014-06-27,Baixa,Alta,0.43,-0.40,0
2014-06-30,Baixa,Alta,0.17,-0.27,0
2014-07-01,Baixa,Alta,-0.06,0.29,1
2014-07-02,Alta,Alta,-0.25,0.84,2
2014-07-03,Alta,Alta,-0.42,0.43,3
2014-07-07,Alta,Alta,-0.48,-0.54,0
2014-07-08,Alta,Alta,-0.22,0.11,1
2014-07-09,Alta,Alta,0.05,0.24,2
2014-07-10,Alta,Alta,0.25,0.48,3
2014-07-11,Alta,Alta,0.35,-0.41,0
2014-07-14,Baixa,Alta,0.40,-0.38,0
2014-07-15,Baixa,Alta,0.32,-0.29,0
2014-07-16,Alta,Alta,0.45,0.76,1
2014-07-17,Alta,Alta,0.51,-0.04,0
2014-07-18,Baixa,Alta,0.49,-0.74,0
2014-07-21,Baixa,Baixa,0.45,-0.90,0
2014-07-22,Baixa,Baixa,0.38,-0.42,0
2014-07-23,Baixa,Baixa,0.13,0.11,1
2014-07-24,Baixa,Baixa,0.00,0.20,2
2014-07-25,Alta,Baixa,0.07,0.17,3
2014-07-28,Alta,Baixa,0.26,0.60,4
2014-07-29,Alta,Baixa,0.42,-0.27,0
2014-07-30,Alta,Baixa,0.56,0.55,1
2014-07-31,Alta,Baixa,0.68,0.27,2
2014-08-01,Baixa,Baixa,0.62,-0.67,0
2014-08-04,Baixa,Baixa,0.50,0.27,1
2014-08-05,Baixa,Baixa,0.36,-0.07,0
2014-08-06,Baixa,Baixa,0.23,0.33,1
2014-08-07,Baixa,Baixa,0.03,-0.03,0
2014-08-08,Alta,Baixa,-0.06,0.82,1
2014-08-11,Alta,Baixa,-0.17,-0.09,0
2014-08-12,Alta,Baixa,-0.20,0.52,1
2014-08-13,Alta,Baixa,-0.19,0.25,2
2014-08-14,Alta,Baixa,-0.17,0.44,3
2014-08-15,Alta,Alta,-0.20,-0.11,0
2014-08-18,Alta,Alta,-0.24,0.26,1
2014-08-19,Alta,Alta,-0.28,0.40,2
2014-08-20,Alta,Alta,-0.33,0.13,3
2014-08-21,Alta,Alta,-0.29,-0.20,0
2014-08-22,Baixa,Alta,-0.28,-0.68,0
2014-08-25,Baixa,Alta,-0.17,0.25,1
2014-08-26,Alta,Alta,0.00,0.68,2
2014-08-27,Alta,Alta,0.18,0.74,3
2014-08-28,Alta,Alta,0.26,0.21,4
2014-08-29,Baixa,Alta,0.29,-0.89,0
2014-09-02,Baixa,Alta,0.25,0.38,1
2014-09-03,Alta,Alta,0.18,0.06,2
2014-09-04,Alta,Alta,0.16,0.43,3
2014-09-05,Alta,Alta,0.21,0.00,0
2014-09-08,Alta,Alta,0.29,-0.69,0
2014-09-09,Alta,Alta,0.37,0.43,1
2014-09-10,Baixa,Alta,0.43,-0.36,0
2014-09-11,Baixa,Alta,0.35,-0.71,0
2014-09-12,Baixa,Alta,0.26,0.75,1
2014-09-15,Baixa,Baixa,0.13,-0.73,0
2014-09-16,Baixa,Baixa,0.01,-0.06,0
2014-09-17,Baixa,Baixa,-0.12,-0.05,0
2014-09-18,Baixa,Baixa,-0.21,-0.67,0
2014-09-19,Baixa,Baixa,-0.39,-0.89,0
2014-09-22,Baixa,Baixa,-0.48,0.46,1
2014-09-23,Baixa,Baixa,-0.57,0.24,2
2014-09-24,Baixa,Baixa,-0.61,0.00,0
2014-09-25,Baixa,Baixa,-0.85,-0.67,0
2014-09-26,Baixa,Baixa,-0.94,0.42,1
2014-09-29,Baixa,Baixa,-1.10,-0.80,0
2014-09-30,Baixa,Baixa,-1.19,0.32,1
2014-10-01,Baixa,Baixa,-1.38,-0.89,0
2014-10-02,Baixa,Baixa,-1.44,-0.78,0
2014-10-03,Baixa,Baixa,-1.58,-0.23,0
2014-10-06,Baixa,Baixa,-1.66,-0.40,0
2014-10-07,Baixa,Baixa,-1.93,-0.81,0
2014-10-08,Baixa,Baixa,-2.09,0.12,1
2014-10-09,Baixa,Baixa,-2.31,-0.78,0
2014-10-10,Baixa,Baixa,-2.56,-0.80,0
2014-10-13,Baixa,Baixa,-2.72,0.03,1
2014-10-14,Baixa,Baixa,-2.81,-0.15,0
2014-10-15,Baixa,Baixa,-2.92,0.43,1
2014-10-16,Baixa,Baixa,-2.95,0.52,2
2014-10-17,Baixa,Baixa,-2.86,0.15,3
2014-10-20,Alta,Baixa,-2.87,0.25,4
2014-10-21,Alta,Baixa,-2.87,0.60,5
2014-10-22,Alta,Baixa,-2.91,0.06,6
2014-10-23,Alta,Baixa,-2.90,-0.07,0
2014-10-24,Alta,Baixa,-2.98,-0.45,0
2014-10-27,Baixa,Baixa,-3.07,-0.06,0
2014-10-28,Alta,Baixa,-3.09,0.86,1
2014-10-29,Alta,Baixa,-3.12,-0.33,0
2014-10-30,Alta,Baixa,-3.11,0.79,1
2014-10-31,Alta,Baixa,-3.06,-0.42,0
2014-11-03,Alta,Baixa,-2.95,-0.25,0
2014-11-04,Alta,Baixa,-2.96,-0.37,0
2014-11-05,Baixa,Baixa,-2.97,-0.45,0
2014-11-06,Baixa,Baixa,-3.20,-0.72,0
2014-11-07,Baixa,Baixa,-3.37,0.13,1
2014-11-10,Baixa,Baixa,-3.53,-0.49,0
2014-11-11,Baixa,Baixa,-3.68,-0.17,0
2014-11-12,Baixa,Baixa,-3.82,0.53,1
2014-11-13,Baixa,Baixa,-3.86,-0.05,0
2014-11-14,Baixa,Baixa,-3.99,-0.18,0
2014-11-17,Baixa,Baixa,-4.11,0.09,1
2014-11-18,Baixa,Baixa,-4.21,-0.12,0
2014-11-19,Baixa,Baixa,-4.32,-0.44,0
2014-11-20,Baixa,Baixa,-4.28,0.62,1
2014-11-21,Alta,Baixa,-4.18,0.16,2
2014-11-24,Alta,Baixa,-4.02,0.65,3
2014-11-25,Alta,Baixa,-3.93,0.05,4
2014-11-26,Baixa,Baixa,-3.87,-0.80,0
2014-11-28,Baixa,Baixa,-4.01,-0.96,0
2014-12-01,Baixa,Baixa,-4.11,-0.24,0
2014-12-02,Baixa,Baixa,-4.34,-0.65,0
2014-12-03,Baixa,Baixa,-4.51,0.14,1
2014-12-04,Baixa,Baixa,-4.73,-0.84,0
2014-12-05,Baixa,Baixa,-4.76,-0.43,0
2014-12-08,Baixa,Baixa,-4.96,-0.90,0
2014-12-09,Baixa,Baixa,-5.01,-0.10,0
2014-12-10,Baixa,Baixa,-5.14,-0.44,0
2014-12-11,Baixa,Baixa,-5.08,-0.46,0
2014-12-12,Baixa,Baixa,-5.08,0.09,1
2014-12-15,Baixa,Baixa,-5.12,-0.97,0
2014-12-16,Baixa,Baixa,-5.30,0.29,1
2014-12-17,Baixa,Baixa,-5.18,0.42,2
2014-12-18,Alta,Baixa,-5.08,-0.87,0
2014-12-19,Alta,Baixa,-4.76,0.68,1
2014-12-22,Alta,Baixa,-4.20,0.00,0
2014-12-23,Alta,Baixa,-3.58,0.28,1
2014-12-24,Alta,Baixa,-3.27,-0.57,0
2014-12-26,Alta,Baixa,-3.00,0.22,1
2014-12-29,Alta,Baixa,-2.84,0.64,2
2014-12-30,Alta,Baixa,-2.80,0.20,3
2014-12-31,Baixa,Baixa,-2.90,-0.54,0
2015-01-02,Alta,Baixa,-2.89,0.78,1
2015-01-05,Baixa,Baixa,-3.00,-0.67,0
2015-01-06,Baixa,Baixa,-3.23,0.25,1
2015-01-07,Baixa,Baixa,-3.46,-0.30,0
2015-01-08,Baixa,Baixa,-3.55,-0.13,0
2015-01-09,Baixa,Baixa,-3.86,-0.52,0
2015-01-12,Baixa,Baixa,-4.05,-0.28,0
2015-01-13,Baixa,Baixa,-4.32,0.19,1
2015-01-14,Baixa,Baixa,-4.66,-0.14,0
2015-01-15,Baixa,Baixa,-5.03,-0.27,0
2015-01-16,Baixa,Baixa,-5.18,-0.24,0
2015-01-20,Alta,Baixa,-5.26,0.57,1
2015-01-21,Alta,Baixa,-5.05,0.65,2
2015-01-22,Alta,Baixa,-4.84,-0.69,0
2015-01-23,Alta,Baixa,-4.58,-0.50,0
2015-01-26,Baixa,Baixa,-4.36,-0.50,0
2015-01-27,Baixa,Baixa,-4.38,-0.95,0
2015-01-28,Baixa,Baixa,-4.65,-0.69,0
2015-01-29,Baixa,Baixa,-4.86,0.55,1
2015-01-30,Baixa,Baixa,-5.03,0.15,2
2015-02-02,Alta,Baixa,-4.95,0.84,3
2015-02-03,Alta,Alta,-4.41,0.87,4
2015-02-04,Alta,Alta,-4.01,-0.64,0
2015-02-05,Alta,Alta,-3.59,0.41,1
2015-02-06,Alta,Alta,-3.31,-0.83,0
2015-02-09,Alta,Alta,-3.19,-0.06,0
2015-02-10,Alta,Alta,-3.30,0.30,1
2015-02-11,Alta,Alta,-2.94,0.72,2
2015-02-12,Alta,Alta,-2.41,0.50,3
2015-02-13,Alta,Alta,-1.51,0.85,4
2015-02-17,Alta,Alta,-0.76,-0.19,0
2015-02-18,Alta,Alta,0.05,-0.26,0
2015-02-19,Alta,Alta,0.64,0.41,1
2015-02-20,Alta,Alta,1.22,-0.30,0
2015-02-23,Baixa,Alta,1.42,-0.47,0
2015-02-24,Baixa,Alta,1.74,-0.43,0
2015-02-25,Alta,Alta,2.10,0.79,1
2015-02-26,Alta,Alta,2.53,0.60,2
2015-02-27,Alta,Alta,3.09,0.70,3
2015-03-02,Alta,Alta,3.66,-0.36,0
2015-03-03,Alta,Alta,4.14,0.75,1
2015-03-04,Alta,Alta,4.31,0.70,2
2015-03-05,Alta,Alta,4.26,0.40,3
2015-03-06,Alta,Alta,3.84,-0.31,0
2015-03-09,Baixa,Alta,3.37,-0.58,0
2015-03-10,Alta,Alta,3.14,0.48,1
2015-03-11,Baixa,Alta,2.94,-0.09,0
2015-03-12,Baixa,Alta,2.70,-0.69,0
2015-03-13,Baixa,Alta,2.49,0.53,1
2015-03-16,Baixa,Alta,2.48,-0.06,0
2015-03-17,Baixa,Alta,2.32,0.54,1
2015-03-18,Alta,Alta,2.44,0.79,2
2015-03-19,Baixa,Alta,2.52,-0.80,0
2015-03-20,Baixa,Alta,2.69,-0.79,0
2015-03-23,Alta,Alta,2.78,-0.04,0
2015-03-24,Alta,Alta,3.02,0.93,1
2015-03-25,Alta,Alta,3.11,0.60,2
2015-03-26,Baixa,Alta,3.22,-0.89,0
2015-03-27,Baixa,Alta,3.26,-0.50,0
2015-03-30,Baixa,Alta,3.39,0.13,1
2015-03-31,Baixa,Alta,3.31,-0.33,0
2015-04-01,Baixa,Alta,3.10,0.35,1
2015-04-02,Alta,Alta,3.06,0.33,2
2015-04-06,Alta,Alta,3.19,0.93,3
2015-04-07,Alta,Alta,3.30,0.74,4
2015-04-08,Alta,Alta,3.43,-0.64,0
2015-04-09,Alta,Alta,3.77,0.47,1
2015-04-10,Alta,Alta,4.10,-0.68,0
2015-04-13,Alta,Alta,4.29,0.33,1
2015-04-14,Alta,Alta,4.38,0.06,2
2015-04-15,Alta,Alta,4.28,0.21,3
2015-04-16,Alta,Alta,3.88,0.21,4
2015-04-17,Baixa,Alta,3.46,-0.30,0
2015-04-20,Baixa,Alta,2.94,0.06,1
2015-04-21,Baixa,Alta,2.54,0.40,2
2015-04-22,Baixa,Alta,2.36,0.06,3
2015-04-23,Alta,Alta,2.38,0.36,4
2015-04-24,Baixa,Alta,2.29,-0.78,0
2015-04-27,Alta,Alta,2.25,0.69,1
2015-04-28,Baixa,Alta,1.92,-0.20,0
2015-04-29,Baixa,Alta,1.60,0.00,0
2015-04-30,Baixa,Alta,1.27,-0.33,0
2015-05-01,Baixa,Baixa,0.95,-0.50,0
2015-05-04,Baixa,Baixa,0.63,-0.89,0
2015-05-05,Baixa,Baixa,0.63,-0.44,0
2015-05-06,Baixa,Baixa,0.63,-0.26,0
2015-05-07,Baixa,Baixa,0.48,-0.17,0
2015-05-08,Alta,Baixa,0.46,0.50,1
2015-05-11,Baixa,Baixa,0.35,-0.80,0
2015-05-12,Alta,Alta,0.29,-0.29,0
2015-05-13,Alta,Alta,0.20,0.35,1
2015-05-14,Alta,Alta,0.37,0.54,2
2015-05-15,Alta,Alta,0.58,0.49,3
2015-05-18,Alta,Alta,0.96,0.86,4
2015-05-19,Alta,Alta,1.14,0.06,5
2015-05-20,Alta,Alta,1.29,-0.29,0
2015-05-21,Alta,Alta,1.41,0.76,1
2015-05-22,Alta,Alta,1.45,0.55,2
2015-05-26,Baixa,Alta,1.45,-0.40,0
2015-05-27,Alta,Alta,1.55,0.48,1
2015-05-28,Baixa,Alta,1.59,-0.88,0
2015-05-29,Baixa,Alta,1.50,0.52,1
2015-06-01,Baixa,Alta,1.50,-0.64,0
2015-06-02,Alta,Alta,1.52,0.68,1
2015-06-03,Alta,Alta,1.51,0.29,2
2015-06-04,Baixa,Alta,1.36,-0.78,0
2015-06-05,Baixa,Baixa,1.11,-0.57,0
2015-06-08,Baixa,Baixa,0.83,-0.64,0
2015-06-09,Baixa,Baixa,0.51,-0.75,0
2015-06-10,Baixa,Baixa,0.17,0.54,1
2015-06-11,Baixa,Baixa,0.05,0.00,0
2015-06-12,Baixa,Baixa,0.06,0.00,0
2015-06-15,Baixa,Baixa,0.02,0.54,1
2015-06-16,Baixa,Baixa,-0.18,-0.20,0
2015-06-17,Baixa,Baixa,-0.41,-0.29,0
2015-06-18,Alta,Baixa,-0.49,0.91,1
2015-06-19,Alta,Baixa,-0.64,-0.72,0
2015-06-22,Alta,Baixa,-0.68,-0.26,0
2015-06-23,Alta,Baixa,-0.64,-0.33,0
2015-06-24,Baixa,Baixa,-0.62,-0.65,0
2015-06-25,Baixa,Baixa,-0.81,-0.65,0
2015-06-26,Baixa,Baixa,-0.95,-0.94,0
2015-06-29,Baixa,Baixa,-1.15,-0.87,0
2015-06-30,Baixa,Baixa,-1.25,0.20,1
2015-07-01,Baixa,Baixa,-1.28,-0.65,0
2015-07-02,Baixa,Baixa,-1.27,0.25,1
2015-07-06,Baixa,Baixa,-1.35,-0.50,0
2015-07-07,Baixa,Baixa,-1.39,0.22,1
2015-07-08,Baixa,Baixa,-1.58,-0.60,0
2015-07-09,Baixa,Baixa,-1.69,0.25,1
2015-07-10,Baixa,Baixa,-1.75,0.16,2
2015-07-13,Alta,Baixa,-1.60,0.89,3
2015-07-14,Alta,Baixa,-1.43,0.21,4
2015-07-15,Alta,Baixa,-1.14,-0.40,0
2015-07-16,Alta,Baixa,-0.86,0.69,1
2015-07-17,Alta,Baixa,-0.60,0.00,0
2015-07-20,Baixa,Baixa,-0.46,0.06,1
2015-07-21,Alta,Baixa,-0.41,0.67,2
2015-07-22,Alta,Baixa,-0.30,-0.24,0
2015-07-23,Alta,Baixa,-0.34,0.50,1
2015-07-24,Alta,Baixa,-0.47,0.19,2
2015-07-27,Baixa,Baixa,-0.75,-0.85,0
2015-07-28,Baixa,Baixa,-1.11,0.11,1
2015-07-29,Alta,Alta,-1.23,0.94,2
2015-07-30,Alta,Alta,-1.26,-0.48,0
2015-07-31,Alta,Alta,-1.20,0.38,1
2015-08-03,Alta,Alta,-1.11,-0.59,0
2015-08-04,Alta,Alta,-0.87,0.11,1
2015-08-05,Alta,Alta,-0.83,-0.16,0
2015-08-06,Baixa,Alta,-1.02,-0.88,0
2015-08-07,Alta,Alta,-1.04,0.82,1
2015-08-10,Alta,Alta,-0.87,0.49,2
2015-08-11,Alta,Alta,-0.78,-0.50,0
2015-08-12,Baixa,Alta,-0.90,-0.32,0
2015-08-13,Baixa,Alta,-0.88,-0.39,0
2015-08-14,Baixa,Alta,-0.94,-0.24,0
2015-08-17,Baixa,Alta,-0.92,-0.28,0
2015-08-18,Baixa,Alta,-0.74,0.30,1
2015-08-19,Baixa,Baixa,-0.52,-0.65,0
2015-08-20,Baixa,Baixa,-0.33,-0.43,0
2015-08-21,Baixa,Baixa,-0.42,-0.91,0
2015-08-24,Baixa,Baixa,-0.74,0.38,1
2015-08-25,Baixa,Baixa,-1.19,0.00,0
2015-08-26,Baixa,Baixa,-1.44,0.48,1
2015-08-27,Alta,Baixa,-1.50,0.60,2
2015-08-28,Alta,Baixa,-1.55,0.29,3
2015-08-31,Alta,Baixa,-1.45,0.19,4
2015-09-01,Baixa,Baixa,-1.47,-0.25,0
2015-09-02,Alta,Baixa,-1.51,0.21,1
2015-09-03,Alta,Baixa,-1.57,-0.16,0
2015-09-04,Baixa,Baixa,-1.47,0.13,1
2015-09-08,Alta,Baixa,-1.35,0.33,2
2015-09-09,Baixa,Baixa,-1.08,-0.61,0
2015-09-10,Alta,Baixa,-0.89,0.31,1
2015-09-11,Alta,Baixa,-0.81,0.28,2
2015-09-14,Alta,Baixa,-0.71,-0.22,0
2015-09-15,Alta,Baixa,-0.55,0.70,1
2015-09-16,Alta,Baixa,-0.41,0.24,2
2015-09-17,Alta,Baixa,-0.15,-0.24,0
2015-09-18,Alta,Baixa,0.04,0.04,1
2015-09-21,Alta,Baixa,0.24,0.41,2
2015-09-22,Baixa,Baixa,0.07,-0.51,0
2015-09-23,Baixa,Baixa,-0.12,-0.35,0
2015-09-24,Baixa,Baixa,-0.42,0.06,1
2015-09-25,Baixa,Baixa,-0.72,0.52,2
2015-09-28,Baixa,Baixa,-1.13,-0.83,0
2015-09-29,Baixa,Baixa,-1.34,-0.72,0
2015-09-30,Baixa,Baixa,-1.59,0.00,0
2015-10-01,Baixa,Baixa,-1.93,-0.63,0
2015-10-02,Baixa,Baixa,-2.16,0.90,1
2015-10-05,Baixa,Baixa,-2.28,-0.38,0
2015-10-06,Baixa,Baixa,-2.32,-0.20,0
2015-10-07,Alta,Baixa,-2.29,0.21,1
2015-10-08,Alta,Baixa,-2.51,0.25,2
2015-10-09,Alta,Baixa,-2.71,-0.08,0
2015-10-12,Baixa,Baixa,-2.94,-0.67,0
2015-10-13,Baixa,Baixa,-3.20,-0.33,0
2015-10-14,Baixa,Baixa,-3.52,0.09,1
2015-10-15,Alta,Baixa,-3.51,0.91,2
2015-10-16,Alta,Baixa,-3.31,0.65,3
2015-10-19,Alta,Baixa,-3.25,0.00,0
2015-10-20,Baixa,Baixa,-3.39,-0.85,0
2015-10-21,Baixa,Baixa,-3.56,-0.45,0
2015-10-22,Baixa,Baixa,-3.56,0.68,1
2015-10-23,Baixa,Baixa,-3.76,-0.50,0
2015-10-26,Baixa,Baixa,-3.77,-0.34,0
2015-10-27,Baixa,Baixa,-3.62,0.36,1
2015-10-28,Alta,Baixa,-3.38,0.50,2
2015-10-29,Baixa,Baixa,-3.27,-0.74,0
2015-10-30,Baixa,Baixa,-3.17,-0.24,0
2015-11-02,Baixa,Baixa,-2.88,-0.76,0
2015-11-03,Baixa,Baixa,-2.55,-0.53,0
2015-11-04,Baixa,Baixa,-2.32,-0.59,0
2015-11-05,Baixa,Baixa,-2.09,0.56,1
2015-11-06,Baixa,Baixa,-2.08,-0.12,0
2015-11-09,Baixa,Baixa,-2.29,-0.64,0
2015-11-10,Alta,Baixa,-2.47,0.52,1
2015-11-11,Baixa,Baixa,-2.52,-0.46,0
2015-11-12,Baixa,Baixa,-2.66,0.00,0
2015-11-13,Baixa,Baixa,-2.72,-0.25,0
2015-11-16,Baixa,Baixa,-2.69,-0.68,0
2015-11-17,Alta,Baixa,-2.71,0.60,1
2015-11-18,Alta,Baixa,-2.68,0.32,2
2015-11-19,Alta,Baixa,-2.65,-0.19,0
2015-11-20,Alta,Baixa,-2.49,-0.06,0
2015-11-23,Baixa,Baixa,-2.51,-0.75,0
2015-11-24,Baixa,Baixa,-2.71,-0.20,0
2015-11-25,Alta,Baixa,-2.91,0.76,1
2015-11-27,Baixa,Baixa,-3.17,-0.43,0
2015-11-30,Alta,Baixa,-3.35,0.81,1
2015-12-01,Baixa,Baixa,-3.54,-0.62,0
2015-12-02,Baixa,Baixa,-3.46,-0.57,0
2015-12-03,Baixa,Baixa,-3.51,-0.50,0
2015-12-04,Baixa,Baixa,-3.30,1.00,1
2015-12-07,Baixa,Baixa,-3.31,-0.67,0
2015-12-08,Baixa,Baixa,-2.97,0.61,1
2015-12-09,Baixa,Baixa,-2.73,-0.65,0
2015-12-10,Baixa,Baixa,-2.51,-0.60,0
2015-12-11,Baixa,Baixa,-2.38,0.13,1
2015-12-14,Baixa,Baixa,-2.26,-0.27,0
2015-12-15,Alta,Baixa,-2.21,0.59,1
2015-12-16,Baixa,Baixa,-2.26,-0.41,0
2015-12-17,Baixa,Baixa,-2.38,-0.50,0
2015-12-18,Alta,Baixa,-2.43,0.38,1
2015-12-21,Alta,Baixa,-2.22,0.95,2
2015-12-22,Alta,Baixa,-2.12,0.27,3
2015-12-23,Alta,Baixa,-1.90,0.08,4
2015-12-24,Alta,Baixa,-1.57,0.00,0
2015-12-28,Baixa,Baixa,-1.51,-0.45,0
2015-12-29,Baixa,Baixa,-1.74,-0.39,0
2015-12-30,Baixa,Baixa,-1.96,0.00,0
2015-12-31,Baixa,Baixa,-2.14,0.00,0
2016-01-04,Baixa,Baixa,-2.14,0.70,1
2016-01-05,Alta,Baixa,-2.04,0.69,2
2016-01-06,Baixa,Baixa,-1.91,-0.30,0
2016-01-07,Baixa,Baixa,-1.82,-0.46,0
2016-01-08,Baixa,Baixa,-1.85,-0.44,0
2016-01-11,Baixa,Baixa,-2.21,-0.81,0
2016-01-12,Baixa,Baixa,-2.39,-0.61,0
2016-01-13,Baixa,Baixa,-2.45,0.09,1
2016-01-14,Alta,Baixa,-2.28,0.90,2
2016-01-15,Baixa,Baixa,-2.13,-0.05,0
2016-01-19,Baixa,Baixa,-1.78,-0.71,0
2016-01-20,Baixa,Baixa,-1.74,0.10,1
2016-01-21,Alta,Baixa,-1.55,0.55,2
2016-01-22,Alta,Baixa,-1.42,-0.08,0
2016-01-25,Baixa,Baixa,-1.46,-0.50,0
2016-01-26,Alta,Baixa,-1.39,0.56,1
2016-01-27,Alta,Baixa,-1.18,-0.31,0
2016-01-28,Alta,Baixa,-1.05,-0.41,0
2016-01-29,Alta,Alta,-0.91,0.68,1
2016-02-01,Alta,Baixa,-0.80,-0.40,0
2016-02-02,Baixa,Baixa,-0.90,-0.30,0
2016-02-03,Alta,Alta,-0.77,0.81,1
2016-02-04,Alta,Alta,-0.75,0.00,0
2016-02-05,Alta,Alta,-0.75,-0.20,0
2016-02-08,Alta,Alta,-0.50,0.22,1
2016-02-09,Baixa,Alta,-0.38,-0.38,0
2016-02-10,Alta,Alta,-0.27,0.27,1
2016-02-11,Baixa,Alta,-0.31,0.40,2
2016-02-12,Alta,Alta,-0.31,0.09,3
2016-02-16,Baixa,Alta,-0.34,-0.23,0
2016-02-17,Alta,Alta,0.17,0.80,1
2016-02-18,Alta,Alta,0.36,-0.50,0
2016-02-19,Alta,Alta,0.76,-0.33,0
2016-02-22,Alta,Alta,0.97,-0.26,0
2016-02-23,Baixa,Alta,1.16,-0.55,0
2016-02-24,Alta,Alta,1.12,0.80,1
2016-02-25,Baixa,Alta,1.30,-0.18,0
2016-02-26,Baixa,Alta,1.44,-0.53,0
2016-02-29,Baixa,Alta,1.37,-0.55,0
2016-03-01,Alta,Alta,1.52,0.85,1
2016-03-02,Alta,Alta,1.67,-0.12,0
2016-03-03,Alta,Alta,1.58,0.00,0
2016-03-04,Alta,Alta,1.37,-0.20,0
2016-03-07,Alta,Alta,1.50,0.95,1
2016-03-08,Alta,Alta,1.29,-0.91,0
2016-03-09,Alta,Alta,1.15,0.83,1
2016-03-10,Alta,Alta,1.27,-0.53,0
2016-03-11,Alta,Alta,1.50,0.06,1
2016-03-14,Alta,Alta,1.64,-0.09,0
2016-03-15,Baixa,Alta,1.82,-0.63,0
2016-03-16,Alta,Alta,1.94,0.78,1
2016-03-17,Alta,Alta,1.94,0.37,2
2016-03-18,Alta,Alta,2.05,0.33,3
2016-03-21,Alta,Alta,2.19,-0.14,0
2016-03-22,Alta,Alta,2.38,0.00,0
2016-03-23,Baixa,Alta,2.48,-0.83,0
2016-03-24,Alta,Alta,2.70,0.64,1
2016-03-28,Alta,Alta,2.81,0.12,2
2016-03-29,Baixa,Alta,2.70,-0.22,0
2016-03-30,Baixa,Alta,2.72,-0.33,0
2016-03-31,Alta,Alta,2.96,0.97,1
2016-04-01,Alta,Alta,3.08,0.29,2
2016-04-04,Alta,Alta,3.07,-0.90,0
2016-04-05,Baixa,Alta,3.07,-0.70,0
2016-04-06,Baixa,Alta,3.02,-0.46,0
2016-04-07,Baixa,Alta,2.61,-0.38,0
2016-04-08,Baixa,Alta,2.35,0.55,1
2016-04-11,Baixa,Alta,2.22,-0.22,0
2016-04-12,Alta,Alta,2.19,0.67,1
2016-04-13,Alta,Alta,2.17,-0.34,0
2016-04-14,Alta,Alta,2.29,-0.50,0
2016-04-15,Baixa,Alta,2.09,-0.43,0
2016-04-18,Baixa,Alta,1.81,-0.42,0
2016-04-19,Alta,Alta,1.67,0.47,1
2016-04-20,Baixa,Alta,1.47,-0.60,0
2016-04-21,Baixa,Alta,1.30,-0.67,0
2016-04-22,Baixa,Baixa,1.26,-0.60,0
2016-04-25,Baixa,Baixa,1.25,-0.59,0
2016-04-26,Baixa,Baixa,1.15,0.00,0
2016-04-27,Baixa,Baixa,1.06,-0.13,0
2016-04-28,Baixa,Baixa,0.75,0.38,1
2016-04-29,Alta,Baixa,0.58,0.20,2
2016-05-02,Alta,Baixa,0.45,-0.44,0
2016-05-03,Baixa,Baixa,0.27,-0.40,0
2016-05-04,Baixa,Baixa,0.06,-0.69,0
2016-05-05,Baixa,Baixa,-0.01,-0.36,0
2016-05-06,Baixa,Baixa,-0.20,-0.41,0
2016-05-09,Baixa,Baixa,-0.37,0.12,1
2016-05-10,Alta,Baixa,-0.32,0.78,2
2016-05-11,Alta,Baixa,-0.34,-0.14,0
2016-05-12,Alta,Baixa,-0.26,0.85,1
2016-05-13,Alta,Baixa,-0.13,-0.25,0
2016-05-16,Baixa,Baixa,-0.07,-0.90,0
2016-05-17,Baixa,Baixa,-0.32,-0.07,0
2016-05-18,Baixa,Baixa,-0.39,-0.70,0
2016-05-19,Baixa,Baixa,-0.73,-0.47,0
2016-05-20,Baixa,Baixa,-0.99,0.23,1
2016-05-23,Baixa,Baixa,-1.22,0.00,0
2016-05-24,Alta,Baixa,-1.28,0.70,1
2016-05-25,Alta,Baixa,-1.24,0.82,2
2016-05-26,Alta,Baixa,-1.00,0.77,3
2016-05-27,Alta,Alta,-0.87,0.15,4
2016-05-31,Alta,Alta,-0.76,0.00,0
2016-06-01,Alta,Baixa,-0.67,-0.10,0
2016-06-02,Alta,Alta,-0.66,0.76,1
2016-06-03,Baixa,Baixa,-0.63,-0.72,0
2016-06-06,Alta,Alta,-0.50,0.93,1
2016-06-07,Alta,Alta,-0.37,-0.20,0
2016-06-08,Alta,Alta,-0.15,0.54,1
2016-06-09,Alta,Alta,-0.03,-0.28,0
2016-06-10,Baixa,Alta,-0.22,-0.65,0
2016-06-13,Baixa,Baixa,-0.47,-0.25,0
2016-06-14,Baixa,Baixa,-0.69,-0.50,0
2016-06-15,Baixa,Baixa,-0.90,0.25,1
2016-06-16,Baixa,Baixa,-1.05,0.38,2
2016-06-17,Baixa,Baixa,-0.84,0.44,3
2016-06-20,Alta,Alta,-0.67,0.11,4
2016-06-21,Alta,Alta,-0.49,0.19,5
2016-06-22,Alta,Alta,-0.49,0.29,6
2016-06-23,Alta,Alta,-0.51,0.00,0
2016-06-24,Baixa,Baixa,-0.73,-0.78,0
2016-06-27,Baixa,Baixa,-0.97,-0.20,0
2016-06-28,Baixa,Baixa,-1.06,0.20,1
2016-06-29,Alta,Alta,-1.02,0.93,2
2016-06-30,Alta,Alta,-0.91,0.50,3
2016-07-01,Alta,Alta,-0.68,-0.60,0
2016-07-05,Alta,Alta,-0.27,0.67,1
2016-07-06,Alta,Alta,0.06,0.39,2
2016-07-07,Alta,Alta,0.29,-0.40,0
2016-07-08,Alta,Alta,0.47,-0.34,0
2016-07-11,Alta,Alta,0.65,0.60,1
2016-07-12,Alta,Alta,0.69,-0.58,0
2016-07-13,Alta,Alta,0.66,-0.34,0
2016-07-14,Alta,Alta,0.74,0.30,1
2016-07-15,Alta,Alta,0.87,-0.29,0
2016-07-18,Alta,Alta,0.99,-0.20,0
2016-07-19,Alta,Alta,1.23,0.57,1
2016-07-20,Baixa,Alta,1.42,-0.90,0
2016-07-21,Alta,Alta,1.48,0.71,1
2016-07-22,Alta,Alta,1.48,-0.16,0
2016-07-25,Baixa,Alta,1.35,-0.78,0
2016-07-26,Baixa,Alta,1.14,-0.45,0
2016-07-27,Alta,Alta,1.08,0.69,1
2016-07-28,Alta,Alta,1.09,-0.40,0
2016-07-29,Alta,Alta,1.12,0.00,0
2016-08-01,Alta,Alta,1.38,0.37,1
2016-08-02,Alta,Alta,1.58,-0.47,0
2016-08-03,Alta,Alta,1.68,0.27,1
2016-08-04,Alta,Alta,1.79,0.50,2
2016-08-05,Alta,Alta,1.92,0.83,3
2016-08-08,Alta,Alta,1.81,-0.47,0
2016-08-09,Alta,Alta,1.77,0.25,1
2016-08-10,Alta,Alta,1.72,-0.28,0
2016-08-11,Alta,Alta,1.72,0.50,1
2016-08-12,Alta,Alta,1.57,-0.40,0
2016-08-15,Alta,Alta,1.63,0.14,1
2016-08-16,Baixa,Alta,1.53,0.08,2
2016-08-17,Baixa,Alta,1.43,-0.45,0
2016-08-18,Baixa,Alta,1.18,0.15,1
2016-08-19,Baixa,Alta,1.09,0.29,2
2016-08-22,Baixa,Alta,0.98,-0.27,0
2016-08-23,Baixa,Alta,1.05,-0.85,0
2016-08-24,Baixa,Alta,1.16,0.33,1
2016-08-25,Baixa,Alta,1.29,-0.41,0
2016-08-26,Baixa,Alta,1.37,-0.17,0
2016-08-29,Alta,Alta,1.44,0.62,1
2016-08-30,Alta,Alta,1.44,0.25,2
2016-08-31,Alta,Alta,1.38,-0.09,0
2016-09-01,Baixa,Alta,1.29,-0.67,0
2016-09-02,Alta,Alta,1.26,0.39,1
2016-09-06,Baixa,Alta,1.30,0.60,2
2016-09-07,Baixa,Alta,1.43,-0.44,0
2016-09-08,Baixa,Alta,1.51,0.31,1
2016-09-09,Baixa,Baixa,1.37,-0.89,0
2016-09-12,Baixa,Baixa,1.00,-0.60,0
2016-09-13,Baixa,Baixa,0.46,-0.60,0
2016-09-14,Baixa,Baixa,-0.25,-0.77,0
2016-09-15,Baixa,Baixa,-0.74,0.78,1
2016-09-16,Baixa,Baixa,-1.04,-0.05,0
2016-09-19,Baixa,Baixa,-1.22,-0.80,0
2016-09-20,Baixa,Baixa,-1.34,0.14,1
2016-09-21,Alta,Baixa,-1.28,0.80,2
2016-09-22,Alta,Baixa,-1.32,0.24,3
2016-09-23,Alta,Baixa,-1.30,-0.50,0
2016-09-26,Alta,Baixa,-1.23,0.24,1
2016-09-27,Alta,Baixa,-1.20,-0.86,0
2016-09-28,Alta,Baixa,-1.20,0.36,1
2016-09-29,Baixa,Baixa,-1.26,-0.54,0
2016-09-30,Baixa,Baixa,-1.33,-0.71,0
2016-10-03,Baixa,Baixa,-1.40,0.14,1
2016-10-04,Baixa,Baixa,-1.40,-1.00,0
2016-10-05,Baixa,Baixa,-1.43,-0.55,0
2016-10-06,Baixa,Baixa,-1.49,-0.71,0
2016-10-07,Baixa,Baixa,-1.51,-0.60,0
2016-10-10,Baixa,Baixa,-1.56,-0.44,0
2016-10-11,Baixa,Baixa,-1.70,-0.60,0
2016-10-12,Baixa,Baixa,-1.81,0.50,1
2016-10-13,Baixa,Baixa,-1.87,0.50,2
2016-10-14,Baixa,Baixa,-2.03,-0.70,0
2016-10-17,Baixa,Baixa,-2.30,-0.66,0
2016-10-18,Baixa,Baixa,-2.46,0.13,1
2016-10-19,Baixa,Baixa,-2.68,-0.14,0
2016-10-20,Baixa,Baixa,-2.93,-0.67,0
2016-10-21,Baixa,Baixa,-3.09,0.50,1
2016-10-24,Baixa,Baixa,-3.14,-0.80,0
2016-10-25,Alta,Baixa,-3.22,0.20,1
2016-10-26,Baixa,Baixa,-3.28,-0.38,0
2016-10-27,Baixa,Baixa,-3.29,-0.88,0
2016-10-28,Alta,Baixa,-3.23,0.67,1
2016-10-31,Alta,Baixa,-3.11,0.80,2
2016-11-01,Alta,Baixa,-2.98,-0.11,0
2016-11-02,Alta,Baixa,-2.83,-0.50,0
2016-11-03,Alta,Baixa,-2.62,0.47,1
2016-11-04,Alta,Baixa,-2.47,-1.00,0
2016-11-07,Alta,Baixa,-2.36,-0.62,0
2016-11-08,Alta,Baixa,-2.36,0.00,0
2016-11-09,Alta,Baixa,-2.32,0.50,1
2016-11-10,Alta,Baixa,-2.36,-0.65,0
2016-11-11,Baixa,Baixa,-2.37,0.11,1
2016-11-14,Baixa,Baixa,-2.51,-0.80,0
2016-11-15,Baixa,Baixa,-2.52,-0.33,0
2016-11-16,Baixa,Baixa,-2.52,0.15,1
2016-11-17,Baixa,Baixa,-2.55,-0.80,0
2016-11-18,Baixa,Baixa,-2.42,-0.20,0
2016-11-21,Baixa,Baixa,-2.04,-0.63,0
2016-11-22,Baixa,Baixa,-1.60,-0.75,0
2016-11-23,Alta,Alta,-1.08,0.86,1
2016-11-25,Alta,Alta,-0.72,-0.20,0
2016-11-28,Alta,Baixa,-0.45,-0.43,0
2016-11-29,Baixa,Baixa,-0.30,0.33,1
2016-11-30,Alta,Alta,-0.22,0.44,2
2016-12-01,Alta,Alta,-0.31,0.00,0
2016-12-02,Alta,Alta,-0.23,0.56,1
2016-12-05,Alta,Alta,-0.20,0.62,2
2016-12-06,Alta,Alta,-0.17,0.40,3
2016-12-07,Alta,Alta,-0.05,0.86,4
2016-12-08,Alta,Alta,0.10,0.33,5
2016-12-09,Alta,Alta,0.28,-0.17,0
2016-12-12,Alta,Alta,0.53,0.58,1
2016-12-13,Alta,Alta,0.86,0.66,2
2016-12-14,Alta,Alta,0.98,-0.92,0
2016-12-15,Baixa,Alta,1.11,-0.53,0
2016-12-16,Baixa,Alta,1.23,0.00,0
2016-12-19,Baixa,Alta,1.27,0.00,0
2016-12-20,Baixa,Alta,1.20,-0.25,0
2016-12-21,Alta,Alta,1.31,0.20,1
2016-12-22,Alta,Alta,1.41,-0.78,0
2016-12-23,Alta,Alta,1.47,0.12,1
2016-12-27,Alta,Alta,1.55,0.78,2
2016-12-28,Alta,Alta,1.71,-0.14,0
2016-12-29,Baixa,Alta,1.69,-0.54,0
2016-12-30,Alta,Alta,1.75,0.36,1
2017-01-03,Alta,Alta,1.92,0.25,2
2017-01-04,Alta,Alta,2.07,0.75,3
2017-01-05,Alta,Alta,2.22,-0.26,0
2017-01-06,Alta,Alta,2.42,0.56,1
2017-01-09,Alta,Alta,2.61,0.08,2
2017-01-10,Alta,Alta,2.67,-0.90,0
2017-01-11,Baixa,Alta,2.64,-0.10,0
2017-01-12,Baixa,Alta,2.47,-0.67,0
2017-01-13,Baixa,Alta,2.30,0.00,0
2017-01-17,Baixa,Alta,2.12,-0.45,0
2017-01-18,Baixa,Alta,1.86,-0.33,0
2017-01-19,Alta,Alta,1.76,0.83,1
2017-01-20,Alta,Alta,1.74,-0.28,0
2017-01-23,Alta,Alta,1.77,0.78,1
2017-01-24,Alta,Alta,1.77,0.40,2
2017-01-25,Alta,Alta,1.91,-0.60,0
2017-01-26,Alta,Alta,1.99,0.80,1
2017-01-27,Alta,Alta,2.15,0.33,2
2017-01-30,Alta,Alta,2.27,-0.20,0
2017-01-31,Alta,Alta,2.38,0.10,1
2017-02-01,Baixa,Alta,2.42,-0.77,0
2017-02-02,Baixa,Alta,2.35,-0.82,0
2017-02-03,Baixa,Alta,2.20,-0.69,0
2017-02-06,Baixa,Alta,2.09,-0.33,0
2017-02-07,Alta,Alta,2.01,0.69,1
2017-02-08,Alta,Alta,1.96,-0.14,0
2017-02-09,Alta,Alta,2.01,0.75,1
2017-02-10,Alta,Alta,2.13,0.63,2
2017-02-13,Alta,Alta,2.21,0.40,3
2017-02-14,Alta,Alta,2.33,0.47,4
2017-02-15,Alta,Alta,2.42,-0.26,0
2017-02-16,Alta,Alta,2.39,-0.46,0
2017-02-17,Baixa,Alta,2.28,-0.25,0
2017-02-21,Alta,Alta,2.16,0.69,1
2017-02-22,Alta,Alta,2.01,0.20,2
2017-02-23,Baixa,Alta,1.87,-0.73,0
2017-02-24,Baixa,Alta,1.67,-0.09,0
2017-02-27,Baixa,Alta,1.36,-0.72,0
2017-02-28,Baixa,Alta,1.14,0.12,1
2017-03-01,Baixa,Alta,0.97,0.08,2
2017-03-02,Baixa,Alta,0.76,-0.93,0
2017-03-03,Baixa,Alta,0.69,-0.40,0
2017-03-06,Baixa,Baixa,0.75,-0.43,0
2017-03-07,Baixa,Baixa,0.69,-0.62,0
2017-03-08,Baixa,Baixa,0.57,0.17,1
2017-03-09,Baixa,Baixa,0.51,0.29,2
2017-03-10,Baixa,Baixa,0.43,-0.60,0
2017-03-13,Alta,Baixa,0.39,0.60,1
2017-03-14,Alta,Baixa,0.44,0.31,2
2017-03-15,Alta,Baixa,0.50,0.59,3
2017-03-16,Alta,Baixa,0.48,0.00,0
2017-03-17,Alta,Baixa,0.43,0.00,0
2017-03-20,Baixa,Baixa,0.34,-0.85,0
2017-03-21,Alta,Baixa,0.20,0.14,1
2017-03-22,Baixa,Baixa,0.04,-0.42,0
2017-03-23,Baixa,Baixa,-0.01,0.00,0
2017-03-24,Alta,Baixa,-0.01,0.80,1
2017-03-27,Alta,Baixa,0.04,0.14,2
2017-03-28,Alta,Baixa,0.12,-0.09,0
2017-03-29,Alta,Alta,0.25,0.37,1
2017-03-30,Alta,Alta,0.40,0.67,2
2017-03-31,Alta,Alta,0.50,0.00,0
2017-04-03,Baixa,Baixa,0.47,-0.80,0
2017-04-04,Alta,Alta,0.45,0.46,1
2017-04-05,Alta,Alta,0.40,-0.33,0
2017-04-06,Baixa,Alta,0.27,-0.18,0
2017-04-07,Baixa,Baixa,0.08,0.25,1
2017-04-10,Baixa,Baixa,-0.04,0.50,2
2017-04-11,Alta,Alta,-0.13,0.40,3
2017-04-12,Baixa,Baixa,-0.25,-0.67,0
2017-04-13,Baixa,Baixa,-0.29,-0.28,0
2017-04-17,Baixa,Baixa,-0.19,0.25,1
2017-04-18,Alta,Alta,-0.03,0.64,2
2017-04-19,Alta,Alta,0.12,0.13,3
2017-04-20,Alta,Alta,0.27,0.50,4
2017-04-21,Alta,Alta,0.37,-0.17,0
2017-04-24,Alta,Alta,0.45,0.36,1
2017-04-25,Alta,Alta,0.53,0.88,2
2017-04-26,Alta,Alta,0.51,-0.56,0
2017-04-27,Alta,Alta,0.41,-0.62,0
2017-04-28,Baixa,Alta,0.29,-0.40,0
2017-05-01,Baixa,Alta,0.21,0.11,1
2017-05-02,Baixa,Alta,0.11,0.23,2
2017-05-03,Baixa,Alta,0.00,-0.70,0
2017-05-04,Baixa,Alta,-0.07,-0.83,0
2017-05-05,Baixa,Alta,-0.07,-0.12,0
2017-05-08,Baixa,Alta,-0.11,-0.77,0
2017-05-09,Alta,Alta,-0.03,0.55,1
2017-05-10,Alta,Alta,0.12,-0.38,0
2017-05-11,Baixa,Alta,0.27,-0.81,0
2017-05-12,Alta,Alta,0.41,0.56,1
2017-05-15,Baixa,Alta,0.50,-0.86,0
2017-05-16,Baixa,Alta,0.45,-0.50,0
2017-05-17,Baixa,Baixa,0.40,0.10,1
2017-05-18,Baixa,Baixa,0.36,-0.75,0
2017-05-19,Baixa,Baixa,0.30,0.56,1
2017-05-22,Baixa,Baixa,0.29,-0.08,0
2017-05-23,Baixa,Baixa,0.25,-0.20,0
2017-05-24,Baixa,Baixa,0.20,-0.60,0
2017-05-25,Baixa,Baixa,0.13,-0.18,0
2017-05-26,Baixa,Baixa,0.05,0.33,1
2017-05-30,Alta,Baixa,-0.03,0.71,2
2017-05-31,Baixa,Baixa,-0.04,-0.18,0
2017-06-01,Baixa,Baixa,-0.07,-0.10,0
2017-06-02,Baixa,Baixa,-0.01,-0.25,0
2017-06-05,Baixa,Baixa,0.00,-0.33,0
2017-06-06,Baixa,Baixa,-0.01,0.00,0
2017-06-07,Baixa,Baixa,-0.07,-0.20,0
2017-06-08,Baixa,Baixa,-0.14,-0.58,0
2017-06-09,Baixa,Baixa,-0.26,0.00,0
2017-06-12,Alta,Baixa,-0.36,0.56,1
2017-06-13,Alta,Baixa,-0.42,-0.21,0
2017-06-14,Baixa,Baixa,-0.43,-0.70,0
2017-06-15,Baixa,Baixa,-0.45,0.25,1
2017-06-16,Baixa,Baixa,-0.46,-0.07,0
2017-06-19,Baixa,Baixa,-0.45,0.25,1
2017-06-20,Baixa,Baixa,-0.42,-0.91,0
2017-06-21,Baixa,Baixa,-0.45,-0.56,0
2017-06-22,Baixa,Baixa,-0.48,-0.20,0
2017-06-23,Alta,Baixa,-0.42,0.82,1
2017-06-26,Alta,Baixa,-0.37,0.58,2
2017-06-27,Alta,Baixa,-0.32,-0.44,0
2017-06-28,Alta,Baixa,-0.24,0.39,1
2017-06-29,Alta,Baixa,-0.16,-0.70,0
2017-06-30,Alta,Baixa,-0.19,0.43,1
2017-07-03,Alta,Baixa,-0.24,0.14,2
2017-07-05,Baixa,Baixa,-0.36,0.12,3
2017-07-06,Alta,Baixa,-0.57,0.60,4
2017-07-07,Alta,Alta,-0.68,-0.21,0
2017-07-10,Alta,Alta,-0.68,0.57,1
2017-07-11,Alta,Alta,-0.69,-0.33,0
2017-07-12,Alta,Alta,-0.63,0.00,0
2017-07-13,Alta,Alta,-0.52,-0.36,0
2017-07-14,Alta,Alta,-0.43,-0.40,0
2017-07-17,Alta,Alta,-0.38,-0.67,0
2017-07-18,Baixa,Alta,-0.34,-0.59,0
2017-07-19,Baixa,Alta,-0.35,0.60,1
2017-07-20,Alta,Alta,-0.32,0.50,2
2017-07-21,Alta,Alta,-0.32,-0.37,0
2017-07-24,Alta,Alta,-0.32,0.50,1
2017-07-25,Alta,Alta,-0.31,0.25,2
2017-07-26,Alta,Alta,-0.22,0.14,3
2017-07-27,Alta,Alta,-0.08,0.00,0
2017-07-28,Alta,Alta,0.11,0.87,1
2017-07-31,Alta,Alta,0.27,-0.09,0
2017-08-01,Baixa,Alta,0.38,-0.11,0
2017-08-02,Baixa,Alta,0.43,0.45,1
2017-08-03,Alta,Alta,0.54,0.64,2
2017-08-04,Alta,Alta,0.57,0.38,3
2017-08-07,Alta,Alta,0.61,-0.22,0
2017-08-08,Alta,Alta,0.70,-0.33,0
2017-08-09,Baixa,Alta,0.73,-0.50,0
2017-08-10,Baixa,Alta,0.66,-0.15,0
2017-08-11,Baixa,Alta,0.62,0.22,1
2017-08-14,Baixa,Alta,0.56,-0.54,0
2017-08-15,Baixa,Alta,0.52,0.11,1
2017-08-16,Alta,Alta,0.59,0.56,2
2017-08-17,Alta,Alta,0.64,-0.81,0
2017-08-18,Baixa,Alta,0.71,-0.58,0
2017-08-21,Alta,Alta,0.77,0.43,1
2017-08-22,Alta,Alta,0.79,-0.50,0
2017-08-23,Alta,Alta,0.77,0.85,1
2017-08-24,Alta,Alta,0.82,-0.33,0
2017-08-25,Alta,Alta,0.87,-0.50,0
2017-08-28,Alta,Alta,0.97,0.83,1
2017-08-29,Alta,Alta,1.08,0.70,2
2017-08-30,Alta,Alta,1.21,-0.80,0
2017-08-31,Alta,Alta,1.32,0.88,1
2017-09-01,Alta,Alta,1.41,-0.18,0
2017-09-05,Baixa,Alta,1.38,-0.44,0
2017-09-06,Alta,Alta,1.35,0.43,1
2017-09-07,Alta,Alta,1.32,0.50,2
2017-09-08,Baixa,Alta,1.18,-0.49,0
2017-09-11,Alta,Alta,1.09,0.00,0
2017-09-12,Alta,Alta,1.05,-0.62,0
2017-09-13,Alta,Alta,1.07,0.54,1
2017-09-14,Alta,Alta,1.14,0.48,2
2017-09-15,Alta,Alta,1.25,-0.18,0
2017-09-18,Baixa,Alta,1.22,-0.74,0
2017-09-19,Baixa,Alta,1.20,0.00,0
2017-09-20,Baixa,Alta,1.12,-0.66,0
2017-09-21,Baixa,Alta,0.94,-0.72,0
2017-09-22,Baixa,Alta,0.80,-0.67,0
2017-09-25,Baixa,Alta,0.73,0.20,1
2017-09-26,Baixa,Alta,0.71,0.63,2
2017-09-27,Baixa,Alta,0.67,-0.70,0
2017-09-28,Baixa,Alta,0.65,0.00,0
2017-09-29,Alta,Alta,0.67,0.58,1
2017-10-02,Alta,Alta,0.68,-0.20,0
2017-10-03,Alta,Alta,0.64,-0.58,0
2017-10-04,Baixa,Baixa,0.56,-0.78,0
2017-10-05,Baixa,Baixa,0.43,-0.63,0
2017-10-06,Baixa,Baixa,0.27,-0.45,0
2017-10-09,Baixa,Baixa,0.10,-0.58,0
2017-10-10,Baixa,Baixa,-0.07,-0.85,0
2017-10-11,Baixa,Baixa,-0.12,0.75,1
2017-10-12,Baixa,Baixa,-0.12,-0.50,0
2017-10-13,Alta,Baixa,-0.14,0.75,1
2017-10-16,Alta,Baixa,-0.12,0.60,2
2017-10-17,Alta,Baixa,-0.07,0.14,3
2017-10-18,Alta,Baixa,-0.07,0.00,0
2017-10-19,Alta,Baixa,-0.04,-0.14,0
2017-10-20,Baixa,Baixa,0.01,-0.25,0
2017-10-23,Baixa,Baixa,0.00,-0.91,0
2017-10-24,Baixa,Baixa,-0.01,-0.50,0
2017-10-25,Baixa,Baixa,-0.07,-0.55,0
2017-10-26,Baixa,Baixa,-0.19,0.08,1
2017-10-27,Baixa,Baixa,-0.25,0.15,2
2017-10-30,Baixa,Baixa,-0.26,-0.91,0
2017-10-31,Alta,Baixa,-0.27,0.45,1
2017-11-01,Alta,Baixa,-0.26,0.00,0
2017-11-02,Baixa,Baixa,-0.29,-0.66,0
2017-11-03,Baixa,Baixa,-0.38,-0.43,0
2017-11-06,Baixa,Baixa,-0.51,-0.53,0
2017-11-07,Baixa,Baixa,-0.66,-0.26,0
2017-11-08,Baixa,Baixa,-0.80,0.11,1
2017-11-09,Baixa,Baixa,-0.88,-0.71,0
2017-11-10,Baixa,Baixa,-0.99,-0.70,0
2017-11-13,Baixa,Baixa,-1.03,-0.50,0
2017-11-14,Alta,Baixa,-1.02,0.82,1
2017-11-15,Alta,Baixa,-1.01,0.22,2
2017-11-16,Baixa,Baixa,-1.06,-0.89,0
2017-11-17,Alta,Baixa,-0.96,0.88,1
2017-11-20,Alta,Baixa,-0.88,0.30,2
2017-11-21,Alta,Alta,-0.79,0.80,3
2017-11-22,Alta,Alta,-0.74,-0.15,0
2017-11-24,Alta,Alta,-0.64,0.80,1
2017-11-27,Alta,Alta,-0.61,0.86,2
2017-11-28,Alta,Alta,-0.51,-0.21,0
2017-11-29,Alta,Alta,-0.46,0.78,1
2017-11-30,Baixa,Alta,-0.41,-0.75,0
2017-12-01,Baixa,Alta,-0.35,-0.25,0
2017-12-04,Baixa,Baixa,-0.31,-0.69,0
2017-12-05,Baixa,Baixa,-0.36,-0.43,0
2017-12-06,Baixa,Baixa,-0.49,-0.64,0
2017-12-07,Baixa,Baixa,-0.55,-0.80,0
2017-12-08,Baixa,Baixa,-0.66,-0.88,0
2017-12-11,Baixa,Baixa,-0.76,0.50,1
2017-12-12,Alta,Baixa,-0.82,0.29,2
2017-12-13,Alta,Alta,-0.76,0.33,3
2017-12-14,Alta,Baixa,-0.67,0.17,4
2017-12-15,Alta,Baixa,-0.56,-0.81,0
2017-12-18,Baixa,Baixa,-0.43,-0.38,0
2017-12-19,Alta,Baixa,-0.31,0.61,1
2017-12-20,Baixa,Baixa,-0.21,-0.52,0
2017-12-21,Baixa,Baixa,-0.25,-0.78,0
2017-12-22,Baixa,Baixa,-0.25,0.20,1
2017-12-26,Alta,Baixa,-0.27,0.19,2
2017-12-27,Baixa,Baixa,-0.37,-0.55,0
2017-12-28,Alta,Baixa,-0.42,0.90,1
2017-12-29,Alta,Baixa,-0.43,-0.84,0
2018-01-02,Alta,Alta,-0.43,0.60,1
2018-01-03,Alta,Alta,-0.35,0.89,2
2018-01-04,Alta,Alta,-0.20,-0.07,0
2018-01-05,Alta,Alta,-0.08,-0.15,0
2018-01-08,Alta,Alta,0.09,-0.40,0
2018-01-09,Baixa,Baixa,0.17,-0.85,0
2018-01-10,Baixa,Baixa,0.12,-0.63,0
2018-01-11,Baixa,Baixa,0.11,0.57,1
2018-01-12,Baixa,Alta,0.05,0.50,2
2018-01-16,Baixa,Alta,-0.01,-0.17,0
2018-01-17,Alta,Alta,0.04,0.43,1
2018-01-18,Baixa,Baixa,0.13,-0.42,0
2018-01-19,Baixa,Baixa,0.17,0.00,0
2018-01-22,Alta,Alta,0.26,0.20,1
2018-01-23,Alta,Alta,0.32,-0.19,0
2018-01-24,Alta,Alta,0.33,0.00,0
2018-01-25,Baixa,Alta,0.39,-0.50,0
2018-01-26,Baixa,Baixa,0.42,-0.17,0
2018-01-29,Baixa,Baixa,0.37,-0.50,0
2018-01-30,Baixa,Baixa,0.30,-0.60,0
2018-01-31,Baixa,Baixa,0.25,0.13,1
2018-02-01,Baixa,Baixa,0.09,-0.41,0
2018-02-02,Baixa,Baixa,-0.16,-0.73,0
2018-02-05,Baixa,Baixa,-0.35,0.50,1
2018-02-06,Baixa,Baixa,-0.50,0.36,2
2018-02-07,Baixa,Baixa,-0.78,-0.47,0
2018-02-08,Baixa,Baixa,-1.06,-0.74,0
2018-02-09,Baixa,Baixa,-1.27,-0.44,0
2018-02-12,Alta,Baixa,-1.38,0.82,1
2018-02-13,Baixa,Baixa,-1.46,-0.09,0
2018-02-14,Baixa,Baixa,-1.43,-0.33,0
2018-02-15,Alta,Baixa,-1.31,0.11,1
2018-02-16,Alta,Baixa,-1.13,0.20,2
2018-02-20,Alta,Baixa,-1.00,0.40,3
2018-02-21,Alta,Baixa,-0.88,-0.25,0
2018-02-22,Baixa,Baixa,-0.99,-0.95,0
2018-02-23,Baixa,Baixa,-1.18,-0.16,0
2018-02-26,Baixa,Baixa,-1.41,-0.39,0
2018-02-27,Baixa,Baixa,-1.77,-0.78,0
2018-02-28,Baixa,Baixa,-2.19,-0.69,0
2018-03-01,Baixa,Baixa,-2.29,0.06,1
2018-03-02,Alta,Baixa,-2.33,0.00,0
2018-03-05,Alta,Baixa,-2.35,-0.54,0
2018-03-06,Alta,Baixa,-2.28,-0.43,0
2018-03-07,Baixa,Baixa,-2.23,-0.95,0
2018-03-08,Baixa,Baixa,-2.28,0.13,1
2018-03-09,Baixa,Baixa,-2.41,-0.47,0
2018-03-12,Baixa,Baixa,-2.52,-0.50,0
2018-03-13,Baixa,Baixa,-2.66,0.00,0
2018-03-14,Baixa,Baixa,-2.73,-0.44,0
2018-03-15,Baixa,Baixa,-2.84,-0.55,0
2018-03-16,Baixa,Baixa,-2.94,0.00,0
2018-03-19,Baixa,Baixa,-3.11,-0.93,0
2018-03-20,Baixa,Baixa,-3.29,-0.13,0
2018-03-21,Alta,Baixa,-3.35,0.93,1
2018-03-22,Alta,Baixa,-3.36,-0.73,0
2018-03-23,Baixa,Baixa,-3.31,-0.63,0
2018-03-26,Alta,Baixa,-3.21,-0.12,0
2018-03-27,Baixa,Baixa,-3.15,-0.12,0
2018-03-28,Baixa,Baixa,-3.23,-0.25,0
2018-03-29,Baixa,Baixa,-3.29,0.72,1
2018-04-02,Baixa,Baixa,-3.35,0.00,0
2018-04-03,Alta,Baixa,-3.34,0.33,1
2018-04-04,Alta,Baixa,-3.33,0.34,2
2018-04-05,Alta,Baixa,-3.31,-0.25,0
2018-04-06,Alta,Baixa,-3.30,-0.25,0
2018-04-09,Baixa,Baixa,-3.62,-0.94,0
2018-04-10,Baixa,Baixa,-3.88,0.26,1
2018-04-11,Baixa,Baixa,-4.11,-0.94,0
2018-04-12,Baixa,Baixa,-4.33,-0.46,0
2018-04-13,Baixa,Baixa,-4.54,0.07,1
2018-04-16,Baixa,Baixa,-4.44,0.00,0
2018-04-17,Alta,Baixa,-4.31,0.72,1
2018-04-18,Alta,Baixa,-4.09,0.63,2
2018-04-19,Alta,Baixa,-3.79,0.71,3
2018-04-20,Alta,Baixa,-3.39,0.69,4
2018-04-23,Alta,Baixa,-2.99,-0.93,0
2018-04-24,Alta,Baixa,-2.69,-0.28,0
2018-04-25,Alta,Baixa,-2.52,0.47,1
2018-04-26,Alta,Baixa,-2.41,0.20,2
2018-04-27,Baixa,Baixa,-2.42,-0.72,0
2018-04-30,Alta,Alta,-2.40,0.40,1
2018-05-01,Alta,Alta,-2.45,-0.36,0
2018-05-02,Baixa,Alta,-2.46,0.00,0
2018-05-03,Baixa,Alta,-2.51,-0.50,0
2018-05-04,Baixa,Alta,-2.16,0.57,1
2018-05-07,Baixa,Alta,-1.89,-0.33,0
2018-05-08,Baixa,Baixa,-1.62,-0.70,0
2018-05-09,Baixa,Baixa,-1.23,0.10,1
2018-05-10,Alta,Alta,-0.73,0.75,2
2018-05-11,Alta,Alta,-0.71,0.14,3
2018-05-14,Alta,Alta,-0.66,-0.14,0
2018-05-15,Alta,Alta,-0.57,0.29,1
2018-05-16,Alta,Alta,-0.57,-0.14,0
2018-05-17,Baixa,Alta,-0.57,0.00,0
2018-05-18,Baixa,Alta,-0.53,-0.69,0
2018-05-21,Baixa,Alta,-0.44,0.00,0
2018-05-22,Baixa,Baixa,-0.33,-0.66,0
2018-05-23,Baixa,Baixa,-0.30,-0.50,0
2018-05-24,Baixa,Baixa,-0.35,-0.17,0
2018-05-25,Baixa,Baixa,-0.35,-0.66,0
2018-05-29,Baixa,Baixa,-0.54,-0.83,0
2018-05-30,Baixa,Baixa,-0.63,0.71,1
2018-05-31,Baixa,Baixa,-0.67,-0.20,0
2018-06-01,Baixa,Baixa,-0.83,-0.10,0
2018-06-04,Baixa,Baixa,-0.95,-0.16,0
2018-06-05,Baixa,Baixa,-0.95,-0.45,0
2018-06-06,Baixa,Baixa,-1.08,-0.34,0
2018-06-07,Baixa,Baixa,-1.18,0.00,0
2018-06-08,Baixa,Baixa,-1.20,-0.71,0
2018-06-11,Baixa,Baixa,-1.26,0.50,1
2018-06-12,Alta,Baixa,-1.24,0.54,2
2018-06-13,Alta,Baixa,-1.19,0.30,3
2018-06-14,Alta,Baixa,-1.21,-0.05,0
2018-06-15,Alta,Baixa,-1.10,0.54,1
2018-06-18,Alta,Baixa,-1.06,-0.70,0
2018-06-19,Baixa,Baixa,-0.72,0.10,1
2018-06-20,Baixa,Baixa,-0.55,-0.87,0
2018-06-21,Baixa,Baixa,-0.32,0.00,0
2018-06-22,Baixa,Baixa,-0.11,0.00,0
2018-06-25,Baixa,Baixa,0.17,0.58,1
2018-06-26,Alta,Baixa,0.10,0.00,0
2018-06-27,Alta,Baixa,0.13,-0.14,0
2018-06-28,Alta,Baixa,0.02,0.49,1
2018-06-29,Alta,Baixa,-0.23,-0.29,0
2018-07-02,Alta,Baixa,-0.57,0.00,0
2018-07-03,Alta,Alta,-0.56,-0.59,0
2018-07-05,Alta,Alta,-0.21,0.93,1
2018-07-06,Alta,Alta,0.23,0.35,2
2018-07-09,Alta,Alta,0.73,-0.25,0
2018-07-10,Alta,Alta,1.35,0.20,1
2018-07-11,Alta,Alta,1.50,-0.20,0
2018-07-12,Alta,Alta,1.44,0.50,1
2018-07-13,Baixa,Alta,1.42,-0.17,0
2018-07-16,Baixa,Alta,1.43,-0.22,0
2018-07-17,Alta,Alta,1.44,0.82,1
2018-07-18,Alta,Alta,1.52,-0.43,0
2018-07-19,Baixa,Alta,1.57,-0.25,0
2018-07-20,Baixa,Alta,1.57,-0.54,0
2018-07-23,Baixa,Alta,1.50,0.51,1
2018-07-24,Alta,Alta,1.44,0.60,2
2018-07-25,Alta,Alta,1.42,0.20,3
2018-07-26,Baixa,Alta,1.30,-0.57,0
2018-07-27,Baixa,Alta,1.26,0.00,0
2018-07-30,Alta,Alta,1.30,0.14,1
2018-07-31,Baixa,Alta,1.35,-0.25,0
2018-08-01,Alta,Alta,1.38,0.41,1
2018-08-02,Baixa,Alta,1.47,0.09,2
2018-08-03,Baixa,Alta,1.56,-0.39,0
2018-08-06,Baixa,Alta,1.61,-0.17,0
2018-08-07,Baixa,Alta,1.62,-0.25,0
2018-08-08,Baixa,Alta,1.74,-0.33,0
2018-08-09,Baixa,Alta,1.79,-0.14,0
2018-08-10,Baixa,Alta,1.77,-0.38,0
2018-08-13,Baixa,Baixa,1.64,-0.42,0
2018-08-14,Baixa,Baixa,1.51,0.38,1
2018-08-15,Baixa,Baixa,1.32,0.40,2
2018-08-16,Baixa,Baixa,1.26,0.10,3
2018-08-17,Alta,Alta,1.30,0.70,4
2018-08-20,Alta,Alta,1.49,-0.60,0
2018-08-21,Alta,Alta,1.63,0.17,1
2018-08-22,Alta,Baixa,1.66,-0.16,0
2018-08-23,Alta,Baixa,1.63,0.72,1
2018-08-24,Baixa,Baixa,1.56,-0.72,0
2018-08-27,Alta,Alta,1.45,0.63,1
2018-08-28,Alta,Baixa,1.39,-0.50,0
2018-08-29,Alta,Alta,1.47,0.44,1
2018-08-30,Alta,Alta,1.59,0.39,2
2018-08-31,Alta,Alta,1.78,0.67,3
2018-09-04,Alta,Alta,1.91,-0.66,0
2018-09-05,Alta,Alta,2.01,0.41,1
2018-09-06,Alta,Alta,2.02,-0.31,0
2018-09-07,Baixa,Baixa,1.97,-0.72,0
2018-09-10,Baixa,Baixa,1.80,-0.08,0
2018-09-11,Baixa,Baixa,1.65,-0.14,0
2018-09-12,Alta,Baixa,1.58,0.80,1
2018-09-13,Alta,Baixa,1.31,-0.22,0
2018-09-14,Baixa,Baixa,0.80,-0.42,0
2018-09-17,Alta,Baixa,0.37,0.50,1
2018-09-18,Alta,Alta,0.00,0.78,2
2018-09-19,Alta,Baixa,-0.48,-0.25,0
2018-09-20,Baixa,Baixa,-0.69,-0.29,0
2018-09-21,Alta,Alta,-0.65,0.50,1
2018-09-24,Alta,Alta,-0.56,0.00,0
2018-09-25,Alta,Alta,-0.56,0.16,1
2018-09-26,Alta,Alta,-0.55,-0.33,0
2018-09-27,Alta,Alta,-0.53,0.61,1
2018-09-28,Baixa,Alta,-0.52,-0.57,0
2018-10-01,Baixa,Alta,-0.50,-0.34,0
2018-10-02,Alta,Alta,-0.47,0.19,1
2018-10-03,Baixa,Baixa,-0.43,-0.49,0
2018-10-04,Baixa,Alta,-0.45,0.13,1
2018-10-05,Alta,Alta,-0.45,-0.14,0
2018-10-08,Baixa,Alta,-0.49,-0.25,0
2018-10-09,Baixa,Baixa,-0.57,-0.29,0
2018-10-10,Baixa,Baixa,-0.60,-0.36,0
2018-10-11,Baixa,Baixa,-0.67,-0.84,0
2018-10-12,Baixa,Baixa,-0.77,0.08,1
2018-10-15,Baixa,Baixa,-0.83,0.30,2
2018-10-16,Alta,Baixa,-0.78,0.17,3
2018-10-17,Alta,Alta,-0.68,0.75,4
2018-10-18,Alta,Alta,-0.49,0.34,5
2018-10-19,Alta,Alta,-0.29,0.33,6
2018-10-22,Alta,Alta,-0.08,-0.66,0
2018-10-23,Alta,Alta,0.22,0.70,1
2018-10-24,Alta,Alta,0.43,-1.00,0
2018-10-25,Baixa,Alta,0.58,0.00,0
2018-10-26,Baixa,Baixa,0.65,-0.77,0
2018-10-29,Baixa,Baixa,0.61,-0.46,0
2018-10-30,Baixa,Baixa,0.46,0.40,1
2018-10-31,Baixa,Baixa,0.32,-0.50,0
2018-11-01,Alta,Alta,0.27,0.80,1
2018-11-02,Alta,Alta,0.25,0.40,2
2018-11-05,Alta,Alta,0.32,0.29,3
2018-11-06,Baixa,Baixa,0.27,-0.17,0
2018-11-07,Alta,Alta,0.32,0.17,1
2018-11-08,Alta,Alta,0.24,-0.20,0
2018-11-09,Baixa,Baixa,0.13,-0.21,0
2018-11-12,Baixa,Baixa,-0.05,-0.57,0
2018-11-13,Baixa,Baixa,-0.08,0.56,1
2018-11-14,Baixa,Baixa,-0.25,-0.11,0
2018-11-15,Baixa,Baixa,-0.30,0.38,1
2018-11-16,Alta,Baixa,-0.29,-0.25,0
2018-11-19,Baixa,Baixa,-0.19,-0.39,0
2018-11-20,Baixa,Baixa,-0.13,0.00,0
2018-11-21,Alta,Baixa,-0.07,0.50,1
2018-11-23,Baixa,Baixa,-0.10,-1.00,0
2018-11-26,Baixa,Baixa,-0.17,-0.37,0
2018-11-27,Baixa,Baixa,-0.32,-0.08,0
2018-11-28,Baixa,Baixa,-0.57,-0.71,0
2018-11-29,Baixa,Baixa,-0.64,0.60,1
2018-11-30,Alta,Baixa,-0.68,0.00,0
2018-12-03,Alta,Baixa,-0.71,-0.17,0
2018-12-04,Baixa,Baixa,-0.75,-0.71,0
2018-12-06,Baixa,Baixa,-0.78,-0.50,0
2018-12-07,Baixa,Baixa,-0.95,-0.47,0
2018-12-10,Baixa,Baixa,-1.17,-0.39,0
2018-12-11,Baixa,Baixa,-1.35,-0.18,0
2018-12-12,Baixa,Baixa,-1.43,0.29,1
2018-12-13,Baixa,Baixa,-1.47,-1.00,0
2018-12-14,Baixa,Baixa,-1.54,-0.64,0
2018-12-17,Baixa,Baixa,-1.65,-0.93,0
2018-12-18,Baixa,Baixa,-1.81,-0.55,0
2018-12-19,Baixa,Baixa,-1.96,0.00,0
2018-12-20,Baixa,Baixa,-2.05,-0.37,0
2018-12-21,Baixa,Baixa,-2.14,-0.54,0
2018-12-24,Baixa,Baixa,-2.12,0.25,1
2018-12-26,Alta,Baixa,-1.95,0.65,2
2018-12-27,Alta,Baixa,-1.85,0.08,3
2018-12-28,Alta,Baixa,-1.81,0.00,0
2018-12-31,Alta,Baixa,-1.80,-0.33,0
2019-01-02,Alta,Baixa,-1.75,0.86,1
2019-01-03,Alta,Baixa,-1.83,-0.09,0
2019-01-04,Alta,Baixa,-1.80,0.37,1
2019-01-07,Alta,Baixa,-1.75,0.22,2
2019-01-08,Alta,Baixa,-1.58,0.60,3
2019-01-09,Alta,Baixa,-1.53,-0.38,0
2019-01-10,Alta,Baixa,-1.37,0.43,1
2019-01-11,Alta,Alta,-1.23,0.73,2
2019-01-14,Alta,Baixa,-1.14,-0.78,0
2019-01-15,Alta,Baixa,-1.05,0.57,1
2019-01-16,Baixa,Baixa,-1.00,-0.29,0
2019-01-17,Alta,Alta,-1.02,0.76,1
2019-01-18,Alta,Alta,-1.09,0.00,0
2019-01-22,Baixa,Baixa,-1.10,-0.20,0
2019-01-23,Baixa,Alta,-1.17,0.25,1
2019-01-24,Baixa,Alta,-1.18,-0.34,0
2019-01-25,Baixa,Baixa,-1.18,-0.44,0
2019-01-28,Baixa,Baixa,-1.16,-0.25,0
2019-01-29,Baixa,Baixa,-1.20,0.00,0
2019-01-30,Baixa,Baixa,-1.22,-0.33,0
2019-01-31,Alta,Alta,-1.19,0.72,1
2019-02-01,Alta,Alta,-1.19,-0.20,0
2019-02-04,Alta,Alta,-1.16,0.40,1
2019-02-05,Alta,Alta,-1.03,0.37,2
2019-02-06,Alta,Alta,-0.90,0.63,3
2019-02-07,Alta,Alta,-0.82,-0.56,0
2019-02-08,Baixa,Alta,-0.73,-0.18,0
2019-02-11,Baixa,Alta,-0.65,0.00,0
2019-02-12,Baixa,Alta,-0.52,0.60,1
2019-02-13,Baixa,Alta,-0.48,-0.33,0
2019-02-14,Baixa,Alta,-0.44,-0.20,0
2019-02-15,Baixa,Alta,-0.48,-0.63,0
2019-02-19,Baixa,Alta,-0.48,-0.25,0
2019-02-20,Baixa,Baixa,-0.54,-0.43,0
2019-02-21,Baixa,Baixa,-0.54,-0.71,0
2019-02-22,Baixa,Baixa,-0.46,0.12,1
2019-02-25,Baixa,Baixa,-0.33,-0.67,0
2019-02-26,Baixa,Baixa,-0.29,-0.71,0
2019-02-27,Alta,Alta,-0.19,0.72,1
2019-02-28,Alta,Alta,0.00,-0.33,0
2019-03-01,Alta,Alta,0.23,0.34,1
2019-03-04,Alta,Alta,0.49,0.00,0
2019-03-05,Alta,Alta,0.76,0.00,0
2019-03-06,Baixa,Baixa,0.90,-0.54,0
2019-03-07,Alta,Alta,1.05,-0.50,0
2019-03-08,Alta,Alta,1.18,0.63,1
2019-03-11,Alta,Alta,1.18,-0.57,0
2019-03-12,Alta,Alta,1.22,0.51,1
2019-03-13,Alta,Alta,1.29,-0.33,0
2019-03-14,Alta,Alta,1.35,1.00,1
2019-03-15,Alta,Alta,1.19,0.00,0
2019-03-18,Alta,Alta,1.24,1.00,1
2019-03-19,Alta,Alta,1.18,-0.41,0
2019-03-20,Baixa,Alta,1.09,-1.00,0
2019-03-21,Baixa,Alta,0.89,0.25,1
2019-03-22,Baixa,Alta,0.83,-0.62,0
2019-03-25,Baixa,Baixa,0.57,-0.53,0
2019-03-26,Baixa,Baixa,0.28,-0.38,0
2019-03-27,Baixa,Baixa,-0.06,-0.22,0
2019-03-28,Baixa,Baixa,-0.43,-0.67,0
2019-03-29,Baixa,Baixa,-0.79,-0.43,0
2019-04-01,Baixa,Baixa,-1.02,-0.40,0
2019-04-02,Baixa,Baixa,-1.19,-0.59,0
2019-04-03,Baixa,Baixa,-1.21,-0.25,0
2019-04-04,Alta,Baixa,-1.17,0.00,0
2019-04-05,Alta,Baixa,-1.10,0.50,1
2019-04-08,Alta,Baixa,-1.03,0.00,0
2019-04-09,Alta,Baixa,-0.89,-0.50,0
2019-04-10,Alta,Baixa,-0.82,-0.25,0
2019-04-11,Baixa,Baixa,-0.73,-0.21,0
2019-04-12,Alta,Baixa,-0.73,0.33,1
2019-04-15,Alta,Baixa,-0.73,-0.75,0
2019-04-16,Alta,Baixa,-0.71,0.78,1
2019-04-17,Alta,Baixa,-0.71,0.80,2
2019-04-18,Alta,Alta,-0.67,0.70,3
2019-04-22,Alta,Alta,-0.54,-0.20,0
2019-04-23,Alta,Baixa,-0.43,-0.57,0
2019-04-24,Alta,Alta,-0.35,0.29,1
2019-04-25,Alta,Alta,-0.25,0.14,2
2019-04-26,Alta,Alta,-0.17,0.67,3
2019-04-29,Baixa,Alta,-0.19,-0.66,0
2019-04-30,Alta,Alta,-0.16,0.33,1
2019-05-01,Alta,Alta,-0.14,0.25,2
2019-05-02,Alta,Alta,-0.02,0.57,3
2019-05-03,Alta,Alta,0.17,0.60,4
2019-05-06,Alta,Alta,0.35,-0.08,0
2019-05-07,Baixa,Alta,0.41,-0.12,0
2019-05-08,Alta,Alta,0.54,0.80,1
2019-05-09,Baixa,Alta,0.49,0.17,2
2019-05-10,Alta,Alta,0.39,0.62,3
2019-05-13,Baixa,Alta,0.29,0.00,0
2019-05-14,Baixa,Alta,0.25,-0.33,0
2019-05-15,Baixa,Alta,0.14,0.49,1
2019-05-16,Alta,Alta,0.25,1.00,2
2019-05-17,Alta,Alta,0.29,0.64,3
2019-05-20,Alta,Alta,0.27,-0.62,0
2019-05-21,Alta,Alta,0.25,-0.20,0
2019-05-22,Alta,Alta,0.23,-0.20,0
2019-05-23,Baixa,Alta,0.04,-0.42,0
2019-05-24,Baixa,Alta,-0.21,-0.39,0
2019-05-28,Baixa,Alta,-0.35,-0.72,0
2019-05-29,Baixa,Baixa,-0.62,-0.43,0
2019-05-30,Baixa,Baixa,-0.83,-0.33,0
2019-05-31,Baixa,Baixa,-0.94,0.00,0
2019-06-03,Alta,Alta,-0.95,0.60,1
2019-06-04,Alta,Alta,-0.93,-0.80,0
2019-06-05,Alta,Alta,-0.70,0.00,0
2019-06-06,Baixa,Alta,-0.51,-0.12,0
2019-06-07,Alta,Alta,-0.14,0.44,1
2019-06-10,Alta,Alta,0.23,0.60,2
2019-06-11,Alta,Alta,0.59,0.00,0
2019-06-12,Alta,Alta,0.84,0.00,0
2019-06-13,Alta,Alta,1.11,0.38,1
2019-06-14,Alta,Alta,1.19,0.45,2
2019-06-17,Alta,Alta,1.32,0.63,3
2019-06-18,Alta,Alta,1.51,0.50,4
2019-06-19,Alta,Alta,1.74,0.45,5
2019-06-20,Alta,Alta,2.01,0.55,6
2019-06-21,Alta,Alta,2.33,0.86,7
2019-06-24,Alta,Alta,2.53,-0.50,0
2019-06-25,Alta,Alta,2.58,-0.16,0
2019-06-26,Alta,Alta,2.68,0.58,1
2019-06-27,Alta,Alta,2.67,0.25,2
2019-06-28,Alta,Alta,2.50,-0.39,0
2019-07-01,Baixa,Alta,2.28,-0.66,0
2019-07-02,Baixa,Alta,2.14,-0.67,0
2019-07-03,Alta,Alta,2.02,0.75,1
2019-07-05,Alta,Alta,2.03,0.55,2
2019-07-08,Alta,Alta,2.20,0.79,3
2019-07-09,Alta,Alta,2.45,-0.54,0
2019-07-10,Alta,Alta,2.83,0.50,1
2019-07-11,Alta,Alta,3.09,-0.46,0
2019-07-12,Alta,Alta,3.25,-0.25,0
2019-07-15,Alta,Alta,3.27,0.00,0
2019-07-16,Baixa,Alta,3.23,-0.66,0
2019-07-17,Baixa,Alta,3.09,-0.36,0
2019-07-18,Baixa,Alta,2.92,-0.43,0
2019-07-19,Baixa,Alta,2.75,0.00,0
2019-07-22,Baixa,Alta,2.63,-0.40,0
2019-07-23,Baixa,Alta,2.54,0.63,1
2019-07-24,Alta,Alta,2.55,0.38,2
2019-07-25,Baixa,Alta,2.53,-0.66,0
2019-07-26,Alta,Alta,2.61,0.42,1
2019-07-29,Alta,Alta,2.58,-0.17,0
2019-07-30,Baixa,Alta,2.48,-0.57,0
2019-07-31,Alta,Alta,2.43,0.75,1
2019-08-01,Baixa,Alta,2.17,-1.00,0
2019-08-02,Baixa,Alta,1.94,0.62,1
2019-08-05,Baixa,Alta,1.80,0.00,0
2019-08-06,Baixa,Alta,1.75,-0.27,0
2019-08-07,Baixa,Alta,1.62,0.50,1
2019-08-08,Baixa,Alta,1.78,-0.12,0
2019-08-09,Baixa,Alta,1.84,-0.40,0
2019-08-12,Baixa,Baixa,1.85,-0.15,0
2019-08-13,Baixa,Baixa,1.86,0.10,1
2019-08-14,Baixa,Baixa,1.76,-0.85,0
2019-08-15,Baixa,Baixa,1.62,-0.27,0
2019-08-16,Baixa,Baixa,1.54,0.34,1
2019-08-19,Alta,Baixa,1.51,0.83,2
2019-08-20,Baixa,Baixa,1.45,-0.50,0
2019-08-21,Alta,Baixa,1.44,-0.13,0
2019-08-22,Alta,Baixa,1.50,0.57,1
2019-08-23,Baixa,Baixa,1.40,-0.94,0
2019-08-26,Baixa,Baixa,1.27,0.00,0
2019-08-27,Baixa,Baixa,1.08,-0.13,0
2019-08-28,Baixa,Baixa,0.80,0.13,1
2019-08-29,Baixa,Baixa,0.45,0.00,0
2019-08-30,Alta,Baixa,0.26,0.57,1
2019-09-03,Baixa,Baixa,-0.09,-0.69,0
2019-09-04,Baixa,Baixa,-0.29,0.14,1
2019-09-05,Baixa,Baixa,-0.39,-0.29,0
2019-09-06,Baixa,Baixa,-0.48,-0.40,0
2019-09-09,Alta,Baixa,-0.62,0.34,1
2019-09-10,Alta,Baixa,-0.51,0.25,2
2019-09-11,Alta,Baixa,-0.47,-0.20,0
2019-09-12,Baixa,Baixa,-0.47,-0.63,0
2019-09-13,Baixa,Baixa,-0.51,-0.25,0
2019-09-16,Baixa,Baixa,-0.69,-0.50,0
2019-09-17,Baixa,Baixa,-1.08,-0.15,0
2019-09-18,Baixa,Baixa,-1.40,0.43,1
2019-09-19,Baixa,Baixa,-1.78,-0.29,0
2019-09-20,Baixa,Baixa,-2.10,0.00,0
2019-09-23,Baixa,Baixa,-2.28,-0.80,0
2019-09-24,Alta,Baixa,-2.27,0.75,1
2019-09-25,Alta,Baixa,-2.30,0.20,2
2019-09-26,Alta,Baixa,-2.23,0.11,3
2019-09-27,Baixa,Baixa,-2.11,-0.57,0
2019-09-30,Baixa,Baixa,-2.01,-0.21,0
2019-10-01,Baixa,Baixa,-1.95,-0.67,0
2019-10-02,Baixa,Baixa,-1.96,0.00,0
2019-10-03,Baixa,Baixa,-2.03,0.17,1
2019-10-04,Baixa,Baixa,-2.09,0.20,2
2019-10-07,Alta,Baixa,-2.18,0.40,3
2019-10-08,Alta,Baixa,-2.22,0.72,4
2019-10-09,Alta,Baixa,-2.17,-1.00,0
2019-10-10,Alta,Baixa,-2.14,-0.20,0
2019-10-11,Alta,Baixa,-1.92,-0.41,0
2019-10-14,Baixa,Baixa,-1.81,-0.66,0
2019-10-15,Baixa,Baixa,-1.70,-0.38,0
2019-10-16,Baixa,Baixa,-1.59,0.78,1
2019-10-17,Alta,Baixa,-1.37,0.34,2
2019-10-18,Baixa,Baixa,-1.53,-0.64,0
2019-10-21,Baixa,Baixa,-1.45,0.33,1
2019-10-22,Alta,Baixa,-1.32,0.58,2
2019-10-23,Alta,Alta,-1.22,0.66,3
2019-10-24,Baixa,Baixa,-1.19,-0.70,0
2019-10-25,Alta,Baixa,-0.98,0.27,1
2019-10-28,Baixa,Baixa,-0.92,-0.80,0
2019-10-29,Baixa,Baixa,-0.99,0.00,0
2019-10-30,Baixa,Baixa,-1.01,0.29,1
2019-10-31,Alta,Baixa,-1.01,0.00,0
2019-11-01,Alta,Alta,-1.03,0.57,1
2019-11-04,Alta,Baixa,-0.93,-0.23,0
2019-11-05,Baixa,Baixa,-0.82,-0.50,0
2019-11-06,Baixa,Baixa,-0.79,-0.55,0
2019-11-07,Baixa,Baixa,-0.72,0.33,1
2019-11-08,Alta,Alta,-0.69,0.78,2
2019-11-11,Alta,Alta,-0.69,0.75,3
2019-11-12,Alta,Baixa,-0.60,-0.73,0
2019-11-13,Alta,Alta,-0.51,0.51,1
2019-11-14,Alta,Alta,-0.43,0.00,0
2019-11-15,Baixa,Alta,-0.39,-0.24,0
2019-11-18,Baixa,Baixa,-0.43,-0.50,0
2019-11-19,Baixa,Baixa,-0.50,0.66,1
2019-11-20,Alta,Alta,-0.50,0.58,2
2019-11-21,Alta,Alta,-0.50,0.00,0
2019-11-22,Alta,Alta,-0.41,0.88,1
2019-11-25,Alta,Alta,-0.07,1.00,2
2019-11-26,Alta,Alta,0.32,-0.46,0
2019-11-27,Alta,Alta,0.57,-0.40,0
2019-11-29,Alta,Alta,0.82,0.00,0
2019-12-02,Alta,Alta,1.04,0.17,1
2019-12-03,Baixa,Alta,1.02,-0.67,0
2019-12-04,Baixa,Alta,0.87,-0.60,0
2019-12-05,Baixa,Alta,0.75,-1.00,0
2019-12-06,Baixa,Alta,0.62,-0.26,0
2019-12-09,Baixa,Alta,0.51,0.40,1
2019-12-10,Alta,Alta,0.48,0.33,2
2019-12-11,Alta,Alta,0.51,-0.11,0
2019-12-12,Alta,Alta,0.62,-0.14,0
2019-12-13,Baixa,Alta,0.67,-0.56,0
2019-12-16,Baixa,Alta,0.69,0.00,0
2019-12-17,Baixa,Alta,0.63,0.00,0
2019-12-18,Baixa,Alta,0.53,-0.80,0
2019-12-19,Alta,Alta,0.49,0.55,1
2019-12-20,Alta,Alta,0.47,0.13,2
2019-12-23,Alta,Alta,0.44,0.00,0
2019-12-24,Alta,Alta,0.56,0.50,1
2019-12-26,Alta,Alta,0.75,-0.16,0
2019-12-27,Baixa,Alta,0.75,-0.50,0
2019-12-30,Baixa,Alta,0.73,0.25,1
2019-12-31,Baixa,Alta,0.82,1.00,2
2020-01-02,Alta,Alta,0.78,0.20,3
2020-01-03,Alta,Alta,0.68,0.67,4
2020-01-06,Alta,Alta,0.62,0.00,0
2020-01-07,Alta,Alta,0.69,-0.41,0
2020-01-08,Alta,Alta,0.62,0.67,1
2020-01-09,Alta,Alta,0.64,0.33,2
2020-01-10,Alta,Alta,0.72,-0.20,0
2020-01-13,Alta,Alta,0.83,-0.60,0
2020-01-14,Alta,Alta,0.82,-0.50,0
2020-01-15,Baixa,Alta,0.76,-0.78,0
2020-01-16,Alta,Alta,0.72,0.60,1
2020-01-17,Alta,Alta,0.74,0.34,2
2020-01-21,Alta,Alta,0.80,-0.39,0
2020-01-22,Alta,Alta,0.90,0.00,0
2020-01-23,Alta,Alta,1.06,0.16,1
2020-01-24,Alta,Alta,1.07,0.00,0
2020-01-27,Baixa,Alta,1.00,0.00,0
2020-01-28,Baixa,Alta,0.93,0.26,1
2020-01-29,Baixa,Alta,0.84,0.00,0
2020-01-30,Baixa,Alta,0.84,0.00,0
2020-01-31,Baixa,Alta,0.82,-0.34,0
2020-02-03,Baixa,Baixa,0.77,-0.89,0
2020-02-04,Baixa,Alta,0.72,1.00,1
2020-02-05,Alta,Alta,0.70,0.80,2
2020-02-06,Alta,Alta,0.64,-0.50,0
2020-02-07,Alta,Alta,0.47,0.60,1
2020-02-10,Alta,Alta,0.38,0.51,2
2020-02-11,Alta,Alta,0.28,0.43,3
2020-02-12,Alta,Alta,0.22,0.72,4
2020-02-13,Alta,Alta,0.13,-0.22,0
2020-02-14,Baixa,Baixa,0.05,-0.83,0
2020-02-18,Baixa,Baixa,-0.12,-0.87,0
2020-02-19,Baixa,Baixa,-0.22,-0.43,0
2020-02-20,Baixa,Baixa,-0.40,-1.00,0
2020-02-21,Baixa,Baixa,-0.58,-0.24,0
2020-02-24,Baixa,Baixa,-0.66,0.51,1
2020-02-25,Baixa,Baixa,-0.75,-0.79,0
2020-02-26,Alta,Baixa,-0.82,-0.08,0
2020-02-27,Baixa,Baixa,-0.88,-0.40,0
2020-02-28,Baixa,Baixa,-1.03,-0.26,0
2020-03-02,Baixa,Baixa,-1.17,-0.45,0
2020-03-03,Baixa,Baixa,-1.29,-0.65,0
2020-03-04,Alta,Baixa,-1.41,0.40,1
2020-03-05,Baixa,Baixa,-1.55,0.20,2
2020-03-06,Baixa,Baixa,-1.62,-0.50,0
2020-03-09,Baixa,Baixa,-2.00,-0.48,0
2020-03-10,Baixa,Baixa,-2.28,-0.50,0
2020-03-11,Baixa,Baixa,-2.55,0.13,1
2020-03-12,Baixa,Baixa,-2.97,-0.22,0
2020-03-13,Baixa,Baixa,-3.29,-0.82,0
2020-03-16,Baixa,Baixa,-3.38,0.11,1
2020-03-17,Baixa,Baixa,-3.56,0.18,2
2020-03-18,Baixa,Baixa,-3.95,-0.39,0
2020-03-19,Baixa,Baixa,-4.15,0.56,1
2020-03-20,Baixa,Baixa,-4.41,-0.30,0
2020-03-23,Baixa,Baixa,-4.59,0.08,1
2020-03-24,Alta,Baixa,-4.67,-0.11,0
2020-03-25,Alta,Baixa,-4.62,0.15,1
2020-03-26,Alta,Baixa,-4.54,0.25,2
2020-03-27,Alta,Baixa,-4.47,-0.78,0
2020-03-30,Alta,Baixa,-4.42,0.00,0
2020-03-31,Alta,Baixa,-4.48,-0.25,0
2020-04-01,Alta,Baixa,-4.48,0.83,1
2020-04-02,Alta,Baixa,-4.62,-0.55,0
2020-04-03,Alta,Baixa,-4.70,0.12,1
2020-04-06,Alta,Baixa,-4.70,0.00,0
2020-04-07,Alta,Baixa,-4.61,-0.44,0
2020-04-08,Alta,Baixa,-4.59,-0.80,0
2020-04-09,Alta,Baixa,-4.46,-0.57,0
2020-04-13,Alta,Baixa,-4.38,-0.78,0
2020-04-14,Alta,Baixa,-4.26,0.57,1
2020-04-15,Baixa,Baixa,-4.19,0.00,0
2020-04-16,Alta,Baixa,-4.16,0.25,1
2020-04-17,Baixa,Baixa,-4.24,-0.60,0
2020-04-20,Baixa,Baixa,-4.26,-0.40,0
2020-04-21,Baixa,Baixa,-4.42,-0.50,0
2020-04-22,Baixa,Baixa,-4.61,-0.50,0
2020-04-23,Alta,Baixa,-4.74,0.67,1
2020-04-24,Alta,Baixa,-4.85,0.20,2
2020-04-27,Alta,Baixa,-4.96,-0.67,0
2020-04-28,Alta,Baixa,-4.74,-0.50,0
2020-04-29,Alta,Baixa,-4.42,0.25,1
2020-04-30,Alta,Alta,-4.06,0.50,2
2020-05-01,Baixa,Baixa,-3.78,-0.58,0
2020-05-04,Baixa,Baixa,-3.53,-0.38,0
2020-05-05,Baixa,Baixa,-3.58,-0.44,0
2020-05-06,Baixa,Baixa,-3.66,-0.83,0
2020-05-07,Baixa,Baixa,-3.92,-0.12,0
2020-05-08,Baixa,Baixa,-3.90,0.40,1
2020-05-11,Baixa,Baixa,-3.71,-0.50,0
2020-05-12,Baixa,Baixa,-3.47,-0.25,0
2020-05-13,Baixa,Baixa,-3.23,-0.67,0
2020-05-14,Baixa,Baixa,-3.08,0.00,0
2020-05-15,Baixa,Baixa,-3.11,-0.40,0
2020-05-18,Baixa,Baixa,-3.10,0.33,1
2020-05-19,Alta,Baixa,-2.69,0.20,2
2020-05-20,Alta,Baixa,-2.39,0.80,3
2020-05-21,Alta,Baixa,-1.95,-0.50,0
2020-05-22,Alta,Baixa,-1.24,-0.33,0
2020-05-26,Alta,Baixa,-0.73,-0.38,0
2020-05-27,Alta,Baixa,-0.57,0.00,0
2020-05-28,Alta,Baixa,-0.34,-0.40,0
2020-05-29,Baixa,Baixa,0.16,-0.75,0
2020-06-01,Alta,Baixa,0.42,0.00,0
2020-06-02,Alta,Alta,0.79,0.33,1
2020-06-03,Alta,Alta,1.10,0.00,0
2020-06-04,Alta,Alta,1.23,0.40,1
2020-06-05,Alta,Alta,1.31,0.20,2
2020-06-08,Alta,Alta,1.38,-0.50,0
2020-06-09,Alta,Alta,1.51,0.25,1
2020-06-10,Alta,Alta,1.55,0.00,0
2020-06-11,Alta,Alta,1.60,0.14,1
2020-06-12,Baixa,Alta,1.52,0.12,2
2020-06-15,Alta,Alta,1.65,0.92,3
2020-06-16,Alta,Alta,1.56,-0.50,0
2020-06-17,Alta,Alta,1.43,-0.20,0
2020-06-18,Alta,Alta,1.43,0.00,0
2020-06-19,Baixa,Alta,1.40,-0.54,0
2020-06-22,Baixa,Alta,1.06,0.33,1
2020-06-23,Baixa,Alta,0.91,-0.25,0
2020-06-24,Baixa,Alta,0.70,0.00,0
2020-06-25,Alta,Alta,0.68,0.73,1
2020-06-26,Baixa,Alta,0.60,-0.40,0
2020-06-29,Alta,Alta,0.73,0.55,1
2020-06-30,Alta,Alta,0.80,0.70,2
2020-07-01,Alta,Alta,1.00,-0.25,0
2020-07-02,Alta,Alta,1.07,0.67,1
2020-07-06,Alta,Alta,1.22,-0.33,0
2020-07-07,Alta,Alta,1.24,0.75,1
2020-07-08,Baixa,Alta,1.19,-0.33,0
2020-07-09,Baixa,Alta,1.11,-0.40,0
2020-07-10,Baixa,Alta,0.99,0.50,1
2020-07-13,Baixa,Alta,0.81,-0.33,0
2020-07-14,Alta,Alta,0.88,0.40,1
2020-07-15,Alta,Alta,1.08,0.67,2
2020-07-16,Alta,Alta,1.27,0.40,3
2020-07-17,Alta,Alta,1.54,-0.25,0
2020-07-20,Baixa,Alta,1.81,-0.67,0
2020-07-21,Baixa,Alta,1.75,0.00,0
2020-07-22,Baixa,Alta,1.65,-0.75,0
2020-07-23,Baixa,Alta,1.55,-0.18,0
2020-07-24,Baixa,Alta,1.44,0.22,1
2020-07-27,Alta,Alta,1.46,0.50,2
2020-07-28,Baixa,Alta,1.58,-1.00,0
2020-07-29,Baixa,Alta,1.57,-0.33,0
2020-07-30,Baixa,Alta,1.59,0.00,0
2020-07-31,Baixa,Baixa,1.47,-0.92,0
2020-08-03,Baixa,Baixa,1.32,-0.50,0
2020-08-04,Baixa,Baixa,1.22,0.33,1
2020-08-05,Baixa,Baixa,1.17,-0.50,0
2020-08-06,Baixa,Baixa,0.98,-0.38,0
2020-08-07,Baixa,Baixa,0.86,1.00,1
2020-08-10,Baixa,Baixa,0.72,-0.33,0
2020-08-11,Baixa,Baixa,0.53,-0.67,0
2020-08-12,Baixa,Baixa,0.32,0.00,0
2020-08-13,Baixa,Baixa,0.19,-0.33,0
2020-08-14,Baixa,Baixa,0.02,0.50,1
2020-08-17,Baixa,Baixa,-0.21,1.00,2
2020-08-18,Baixa,Baixa,-0.53,-0.50,0
2020-08-19,Baixa,Baixa,-0.79,-0.25,0
2020-08-20,Baixa,Baixa,-1.06,-0.60,0
2020-08-21,Baixa,Baixa,-1.20,0.60,1
2020-08-24,Baixa,Baixa,-1.25,0.40,2
2020-08-25,Baixa,Baixa,-1.40,-1.00,0
2020-08-26,Baixa,Baixa,-1.54,-0.60,0
2020-08-27,Baixa,Baixa,-1.59,-0.50,0
2020-08-28,Baixa,Baixa,-1.76,-0.33,0
2020-08-31,Baixa,Baixa,-1.90,-0.23,0
2020-09-01,Baixa,Baixa,-1.93,-0.38,0
2020-09-02,Baixa,Baixa,-1.99,0.11,1
2020-09-03,Baixa,Baixa,-2.12,-0.43,0
2020-09-04,Baixa,Baixa,-2.27,-0.56,0
2020-09-08,Baixa,Baixa,-2.47,-0.71,0
2020-09-09,Baixa,Baixa,-2.65,-0.60,0
2020-09-10,Baixa,Baixa,-2.90,-0.25,0
2020-09-11,Alta,Baixa,-2.96,0.67,1
2020-09-14,Baixa,Baixa,-3.13,-0.50,0
2020-09-15,Baixa,Baixa,-3.27,-0.20,0
2020-09-16,Alta,Baixa,-3.31,0.50,1
2020-09-17,Alta,Baixa,-3.18,0.70,2
2020-09-18,Alta,Baixa,-3.13,0.20,3
2020-09-21,Alta,Baixa,-2.97,-0.29,0
2020-09-22,Alta,Baixa,-2.82,-0.25,0
2020-09-23,Baixa,Baixa,-2.81,-0.86,0
2020-09-24,Baixa,Baixa,-2.95,0.00,0
2020-09-25,Baixa,Baixa,-3.15,0.33,1
2020-09-28,Baixa,Baixa,-3.32,-0.67,0
2020-09-29,Baixa,Baixa,-3.42,-1.00,0
2020-09-30,Baixa,Baixa,-3.47,-0.33,0
2020-10-01,Baixa,Baixa,-3.42,-0.33,0
2020-10-02,Baixa,Baixa,-3.36,0.00,0
2020-10-05,Baixa,Baixa,-3.25,0.00,0
2020-10-06,Alta,Baixa,-3.30,0.12,1
2020-10-07,Alta,Baixa,-3.19,0.33,2
2020-10-08,Alta,Baixa,-3.12,-0.33,0
2020-10-09,Alta,Baixa,-2.98,1.00,1
2020-10-12,Alta,Baixa,-2.75,0.80,2
2020-10-13,Alta,Baixa,-2.54,-0.43,0
2020-10-14,Alta,Baixa,-2.45,-1.00,0
2020-10-15,Baixa,Baixa,-2.41,-0.20,0
2020-10-16,Baixa,Baixa,-2.22,0.50,1
2020-10-19,Baixa,Baixa,-2.20,-0.33,0
2020-10-20,Baixa,Baixa,-2.09,-0.80,0
2020-10-21,Baixa,Baixa,-1.99,0.00,0
2020-10-22,Baixa,Baixa,-1.86,0.00,0
2020-10-23,Baixa,Baixa,-1.92,-0.33,0
2020-10-26,Baixa,Baixa,-1.96,0.00,0
2020-10-27,Baixa,Baixa,-1.99,-0.50,0
2020-10-28,Baixa,Baixa,-2.09,-0.50,0
2020-10-29,Baixa,Baixa,-2.16,-0.75,0
2020-10-30,Baixa,Baixa,-2.14,0.60,1
2020-11-02,Alta,Alta,-2.00,1.00,2
2020-11-03,Alta,Alta,-1.82,0.40,3
2020-11-04,Alta,Alta,-1.53,0.00,0
2020-11-05,Alta,Alta,-1.21,-0.50,0
2020-11-06,Alta,Alta,-1.00,-0.50,0
2020-11-09,Baixa,Alta,-0.88,-0.64,0
2020-11-10,Alta,Alta,-0.70,0.60,1
2020-11-11,Alta,Alta,-0.46,0.60,2
2020-11-12,Alta,Alta,-0.24,-0.40,0
2020-11-13,Alta,Alta,0.03,-0.50,0
2020-11-16,Alta,Alta,0.43,-0.25,0
2020-11-17,Alta,Alta,0.80,0.50,1
2020-11-18,Alta,Alta,1.07,-0.50,0
2020-11-19,Alta,Alta,1.29,-0.75,0
2020-11-20,Alta,Alta,1.41,0.00,0
2020-11-23,Alta,Alta,1.53,0.00,0
2020-11-24,Alta,Alta,1.58,-0.67,0
2020-11-25,Alta,Alta,1.55,0.67,1
2020-11-27,Alta,Alta,1.51,0.00,0
2020-11-30,Baixa,Alta,1.39,-1.00,0
2020-12-01,Baixa,Alta,1.20,-0.25,0
2020-12-02,Alta,Alta,1.05,0.33,1
2020-12-03,Alta,Alta,1.02,0.50,2
2020-12-04,Baixa,Alta,1.04,0.25,3
2020-12-07,Alta,Alta,1.40,0.91,4
2020-12-08,Alta,Alta,1.72,0.14,5
2020-12-09,Alta,Alta,1.93,-0.80,0
2020-12-10,Alta,Alta,2.13,0.29,1
2020-12-11,Alta,Alta,2.30,-0.25,0
2020-12-14,Alta,Alta,2.32,0.60,1
2020-12-15,Alta,Alta,2.37,0.67,2
2020-12-16,Baixa,Alta,2.39,-0.83,0
2020-12-17,Alta,Alta,2.40,0.90,1
2020-12-18,Baixa,Alta,2.33,-1.00,0
2020-12-21,Baixa,Alta,2.12,0.20,1
2020-12-22,Baixa,Alta,1.85,0.20,2
2020-12-23,Alta,Alta,1.79,0.86,3
2020-12-24,Alta,Alta,1.67,0.00,0
2020-12-28,Baixa,Alta,1.63,-0.50,0
2020-12-29,Baixa,Alta,1.57,-0.83,0
2020-12-30,Baixa,Alta,1.57,0.00,0
2020-12-31,Baixa,Alta,1.48,-0.50,0
2021-01-04,Alta,Alta,1.53,0.83,1
2021-01-05,Alta,Alta,1.61,0.44,2
2021-01-06,Alta,Alta,1.88,0.50,3
2021-01-07,Alta,Alta,2.18,0.58,4
2021-01-08,Alta,Alta,2.48,0.00,0
2021-01-11,Alta,Alta,2.68,-0.67,0
2021-01-12,Alta,Alta,3.00,0.71,1
2021-01-13,Alta,Alta,3.23,0.44,2
2021-01-14,Alta,Alta,3.43,0.80,3
2021-01-15,Alta,Alta,3.54,0.50,4
2021-01-19,Alta,Alta,3.55,-0.57,0
2021-01-20,Alta,Alta,3.42,0.45,1
2021-01-21,Baixa,Alta,3.23,-0.62,0
2021-01-22,Baixa,Alta,3.05,0.62,1
2021-01-25,Baixa,Alta,2.88,0.17,2
2021-01-26,Baixa,Alta,2.68,0.00,0
2021-01-27,Baixa,Alta,2.46,-0.50,0
2021-01-28,Baixa,Alta,2.29,0.67,1
2021-01-29,Baixa,Alta,1.90,-0.54,0
2021-02-01,Baixa,Alta,1.59,-0.71,0
2021-02-02,Baixa,Alta,1.35,0.00,0
2021-02-03,Baixa,Alta,1.25,-0.56,0
2021-02-04,Alta,Alta,1.17,0.50,1
2021-02-05,Alta,Alta,1.24,-0.50,0
2021-02-08,Alta,Alta,1.31,0.33,1
2021-02-09,Alta,Alta,1.49,0.75,2
2021-02-10,Alta,Alta,1.60,-0.09,0
2021-02-11,Alta,Alta,1.70,-0.67,0
2021-02-12,Alta,Alta,1.77,-1.00,0
2021-02-16,Alta,Alta,1.93,0.56,1
2021-02-17,Alta,Alta,1.95,-0.17,0
2021-02-18,Alta,Alta,1.97,0.46,1
2021-02-19,Alta,Alta,1.84,0.60,2
2021-02-22,Alta,Alta,1.74,0.33,3
2021-02-23,Baixa,Alta,1.56,-0.33,0
2021-02-24,Baixa,Alta,1.39,-0.75,0
2021-02-25,Baixa,Alta,1.17,-0.29,0
2021-02-26,Alta,Alta,1.12,0.88,1
2021-03-01,Baixa,Alta,1.04,0.22,2
2021-03-02,Baixa,Alta,1.02,-0.50,0
2021-03-03,Alta,Alta,0.94,0.25,1
2021-03-04,Baixa,Alta,0.99,-0.50,0
2021-03-05,Baixa,Alta,1.01,-0.17,0
2021-03-08,Baixa,Alta,1.03,0.67,1
2021-03-09,Alta,Alta,0.98,0.33,2
2021-03-10,Baixa,Alta,1.01,-0.30,0
2021-03-11,Alta,Alta,1.07,0.62,1
2021-03-12,Alta,Alta,1.26,0.80,2
2021-03-15,Alta,Alta,1.49,-0.25,0
2021-03-16,Alta,Alta,1.67,-0.30,0
2021-03-17,Alta,Alta,1.81,0.50,1
2021-03-18,Baixa,Alta,1.71,-0.14,0
2021-03-19,Baixa,Alta,1.47,0.12,1
2021-03-22,Baixa,Alta,1.14,0.00,0
2021-03-23,Baixa,Alta,0.91,0.40,1
2021-03-24,Baixa,Baixa,0.61,-0.69,0
2021-03-25,Baixa,Baixa,0.32,-0.44,0
2021-03-26,Baixa,Baixa,0.00,-0.20,0
2021-03-29,Baixa,Baixa,-0.29,0.17,1
2021-03-30,Baixa,Baixa,-0.66,-0.25,0
2021-03-31,Alta,Alta,-0.72,0.78,1
2021-04-01,Alta,Alta,-0.72,-0.33,0
2021-04-05,Alta,Baixa,-0.63,-0.25,0
2021-04-06,Alta,Baixa,-0.48,0.33,1
2021-04-07,Alta,Alta,-0.25,0.50,2
2021-04-08,Alta,Baixa,-0.18,-0.33,0
2021-04-09,Alta,Alta,0.00,0.75,1
2021-04-12,Baixa,Baixa,0.05,-0.60,0
2021-04-13,Baixa,Baixa,0.18,-0.20,0
2021-04-14,Alta,Baixa,0.32,0.71,1
2021-04-15,Alta,Alta,0.50,0.88,2
2021-04-16,Alta,Alta,0.59,0.60,3
2021-04-19,Alta,Alta,0.71,0.40,4
2021-04-20,Baixa,Baixa,0.68,-0.25,0
2021-04-21,Baixa,Baixa,0.59,0.00,0
2021-04-22,Baixa,Baixa,0.36,0.00,0
2021-04-23,Baixa,Baixa,0.09,-0.12,0
2021-04-26,Baixa,Baixa,-0.07,0.57,1
2021-04-27,Baixa,Baixa,-0.14,-0.25,0
2021-04-28,Baixa,Baixa,-0.27,0.20,1
2021-04-29,Baixa,Baixa,-0.32,-0.80,0
2021-04-30,Alta,Alta,-0.27,0.89,1
2021-05-03,Alta,Alta,-0.25,0.10,2
2021-05-04,Alta,Alta,-0.27,0.20,3
2021-05-05,Alta,Alta,-0.11,0.33,4
2021-05-06,Alta,Alta,0.11,0.57,5
2021-05-07,Alta,Alta,0.27,-0.60,0
2021-05-10,Baixa,Baixa,0.25,-0.18,0
2021-05-11,Baixa,Baixa,0.23,-0.40,0
2021-05-12,Baixa,Baixa,0.11,-0.20,0
2021-05-13,Alta,Alta,0.02,0.89,1
2021-05-14,Alta,Alta,0.02,0.88,2
2021-05-17,Alta,Alta,0.18,-0.50,0
2021-05-18,Alta,Alta,0.34,0.29,1
2021-05-19,Baixa,Alta,0.41,-0.33,0
2021-05-20,Baixa,Alta,0.38,-0.20,0
2021-05-21,Baixa,Baixa,0.20,-0.17,0
2021-05-24,Baixa,Baixa,-0.05,-0.43,0
2021-05-25,Baixa,Alta,-0.25,0.50,1
2021-05-26,Baixa,Alta,-0.32,0.50,2
2021-05-27,Alta,Alta,-0.38,0.00,0
2021-05-28,Alta,Alta,-0.27,0.40,1
2021-06-01,Alta,Alta,-0.14,-0.17,0
2021-06-02,Alta,Alta,0.05,0.60,1
2021-06-03,Alta,Alta,0.14,-0.33,0
2021-06-04,Baixa,Alta,0.29,-0.67,0
2021-06-07,Baixa,Alta,0.38,-0.29,0
2021-06-08,Baixa,Baixa,0.45,-0.78,0
2021-06-09,Baixa,Baixa,0.41,-0.29,0
2021-06-10,Baixa,Baixa,0.41,-0.83,0
2021-06-11,Baixa,Baixa,0.25,-0.50,0
2021-06-14,Baixa,Baixa,0.07,-0.25,0
2021-06-15,Baixa,Baixa,-0.05,-0.50,0
2021-06-16,Baixa,Baixa,-0.18,-1.00,0
2021-06-17,Baixa,Baixa,-0.34,-0.44,0
2021-06-18,Baixa,Baixa,-0.38,-0.20,0
2021-06-21,Baixa,Baixa,-0.45,0.00,0
2021-06-22,Alta,Baixa,-0.38,0.55,1
2021-06-23,Alta,Baixa,-0.23,0.29,2
2021-06-24,Alta,Baixa,-0.11,0.25,3
2021-06-25,Alta,Baixa,-0.11,-0.50,0
2021-06-28,Alta,Baixa,-0.05,0.00,0
2021-06-29,Alta,Baixa,-0.11,0.20,1
2021-06-30,Alta,Alta,-0.09,0.75,2
2021-07-01,Alta,Alta,0.25,0.85,3
2021-07-02,Alta,Alta,0.68,0.29,4
2021-07-06,Alta,Alta,1.09,0.00,0
2021-07-07,Alta,Alta,1.31,-0.69,0
2021-07-08,Baixa,Alta,1.40,-0.11,0
2021-07-09,Baixa,Alta,1.24,0.00,0
2021-07-12,Baixa,Alta,1.12,0.25,1
2021-07-13,Baixa,Alta,0.81,-0.56,0
2021-07-14,Baixa,Alta,0.72,0.00,0
2021-07-15,Baixa,Alta,0.60,0.25,1
2021-07-16,Baixa,Alta,0.49,0.29,2
2021-07-19,Baixa,Baixa,0.16,-0.60,0
2021-07-20,Baixa,Baixa,0.04,-0.14,0
2021-07-21,Baixa,Baixa,-0.09,0.00,0
2021-07-22,Baixa,Baixa,-0.16,-0.75,0
2021-07-23,Baixa,Baixa,-0.22,0.00,0
2021-07-26,Baixa,Baixa,-0.22,-0.40,0
2021-07-27,Baixa,Baixa,-0.36,-1.00,0
2021-07-28,Alta,Baixa,-0.42,0.80,1
2021-07-29,Alta,Baixa,-0.58,-1.00,0
2021-07-30,Alta,Baixa,-0.62,0.67,1
2021-08-02,Alta,Baixa,-0.56,0.00,0
2021-08-03,Alta,Baixa,-0.36,0.00,0
2021-08-04,Alta,Baixa,-0.25,0.17,1
2021-08-05,Alta,Baixa,-0.13,-0.50,0
2021-08-06,Alta,Baixa,-0.11,-0.25,0
2021-08-09,Baixa,Baixa,-0.13,0.00,0
2021-08-10,Baixa,Baixa,-0.25,-0.71,0
2021-08-11,Baixa,Baixa,-0.34,-0.25,0
2021-08-12,Baixa,Baixa,-0.54,-0.56,0
2021-08-13,Baixa,Baixa,-0.74,-0.80,0
2021-08-16,Baixa,Baixa,-0.90,-0.56,0
2021-08-17,Baixa,Baixa,-1.01,0.33,1
2021-08-18,Baixa,Baixa,-1.05,-0.25,0
2021-08-19,Baixa,Baixa,-0.97,0.80,1
2021-08-20,Alta,Baixa,-0.72,0.93,2
2021-08-23,Alta,Alta,-0.38,0.64,3
2021-08-24,Alta,Alta,0.02,0.29,4
2021-08-25,Alta,Alta,0.32,-0.30,0
2021-08-26,Alta,Alta,0.84,0.36,1
2021-08-27,Alta,Alta,1.34,0.75,2
2021-08-30,Alta,Alta,1.79,0.39,3
2021-08-31,Alta,Alta,2.20,0.67,4
2021-09-01,Alta,Alta,2.49,-0.50,0
2021-09-02,Alta,Alta,2.57,0.25,1
2021-09-03,Baixa,Alta,2.44,-0.50,0
2021-09-07,Baixa,Alta,2.32,-0.40,0
2021-09-08,Alta,Alta,2.22,0.54,1
2021-09-09,Alta,Alta,2.25,-0.43,0
2021-09-10,Alta,Alta,2.15,-0.17,0
2021-09-13,Alta,Alta,1.97,0.54,1
2021-09-14,Alta,Alta,1.66,0.00,0
2021-09-15,Baixa,Alta,1.32,0.29,1
2021-09-16,Alta,Alta,1.14,0.30,2
2021-09-17,Alta,Alta,1.12,0.62,3
2021-09-20,Baixa,Alta,1.14,-0.22,0
2021-09-21,Baixa,Alta,1.22,0.00,0
2021-09-22,Baixa,Alta,1.35,0.00,0
2021-09-23,Baixa,Alta,1.37,0.75,1
2021-09-24,Baixa,Alta,1.34,0.33,2
2021-09-27,Baixa,Alta,1.38,-0.14,0
2021-09-28,Baixa,Alta,1.55,-0.57,0
2021-09-29,Baixa,Alta,1.69,0.20,1
2021-09-30,Baixa,Alta,1.70,-0.67,0
2021-10-01,Baixa,Alta,1.83,0.00,0
2021-10-04,Alta,Alta,1.95,0.80,1
2021-10-05,Alta,Alta,2.06,0.67,2
2021-10-06,Alta,Alta,2.20,0.40,3
2021-10-07,Alta,Alta,2.46,0.50,4
2021-10-08,Alta,Alta,2.60,-0.17,0
2021-10-11,Alta,Alta,2.77,-0.14,0
2021-10-12,Alta,Alta,2.82,-0.25,0
2021-10-13,Alta,Alta,2.78,-0.57,0
2021-10-14,Alta,Alta,2.73,0.00,0
2021-10-15,Baixa,Alta,2.69,-0.75,0
2021-10-18,Baixa,Alta,2.62,-0.40,0
2021-10-19,Alta,Alta,2.64,0.40,1
2021-10-20,Alta,Alta,2.71,0.33,2
2021-10-21,Baixa,Alta,2.67,-0.75,0
2021-10-22,Baixa,Alta,2.66,-0.85,0
2021-10-25,Baixa,Alta,2.69,0.14,1
2021-10-26,Baixa,Alta,2.63,-0.56,0
2021-10-27,Baixa,Baixa,2.50,-0.57,0
2021-10-28,Baixa,Baixa,2.49,-0.27,0
2021-10-29,Baixa,Baixa,2.44,0.12,1
2021-11-01,Baixa,Baixa,2.27,-0.10,0
2021-11-02,Baixa,Baixa,1.96,-0.17,0
2021-11-03,Baixa,Baixa,1.65,-0.25,0
2021-11-04,Baixa,Baixa,1.38,0.43,1
2021-11-05,Baixa,Baixa,0.93,-0.90,0
2021-11-08,Baixa,Baixa,0.50,0.40,1
2021-11-09,Baixa,Baixa,0.15,-0.29,0
2021-11-10,Baixa,Baixa,-0.18,-0.12,0
2021-11-11,Baixa,Baixa,-0.52,0.00,0
2021-11-12,Baixa,Baixa,-0.70,-0.50,0
2021-11-15,Baixa,Baixa,-0.81,-0.29,0
2021-11-16,Baixa,Baixa,-0.85,0.25,1
2021-11-17,Baixa,Baixa,-0.94,-0.20,0
2021-11-18,Baixa,Baixa,-1.13,-0.75,0
2021-11-19,Baixa,Baixa,-1.26,-0.40,0
2021-11-22,Baixa,Baixa,-1.49,-0.83,0
2021-11-23,Baixa,Baixa,-1.68,0.83,1
2021-11-24,Baixa,Baixa,-1.74,-0.60,0
2021-11-26,Baixa,Baixa,-1.82,0.40,1
2021-11-29,Baixa,Baixa,-1.92,-0.25,0
2021-11-30,Baixa,Baixa,-1.87,-0.29,0
2021-12-01,Alta,Baixa,-1.78,0.22,1
2021-12-02,Alta,Baixa,-1.73,0.40,2
2021-12-03,Alta,Baixa,-1.68,-0.40,0
2021-12-06,Baixa,Baixa,-1.65,-0.88,0
2021-12-07,Alta,Baixa,-1.62,0.80,1
2021-12-08,Baixa,Baixa,-1.66,-0.40,0
2021-12-09,Baixa,Baixa,-1.70,-0.25,0
2021-12-10,Baixa,Baixa,-1.71,-0.60,0
2021-12-13,Baixa,Baixa,-1.71,-0.67,0
2021-12-14,Baixa,Baixa,-1.82,0.50,1
2021-12-15,Baixa,Baixa,-1.96,-0.20,0
2021-12-16,Baixa,Baixa,-2.18,-0.20,0
2021-12-17,Baixa,Baixa,-2.49,0.50,1
2021-12-20,Baixa,Baixa,-2.78,-0.40,0
2021-12-21,Baixa,Baixa,-2.99,0.55,1
2021-12-22,Alta,Baixa,-3.12,0.20,2
2021-12-23,Alta,Baixa,-3.18,-0.17,0
2021-12-27,Alta,Baixa,-3.16,0.30,1
2021-12-28,Alta,Baixa,-3.10,-0.43,0
2021-12-29,Alta,Baixa,-3.04,0.33,1
2021-12-30,Alta,Baixa,-3.06,0.57,2
2021-12-31,Alta,Baixa,-3.10,0.20,3
2022-01-03,Alta,Baixa,-3.03,-0.25,0
2022-01-04,Alta,Baixa,-2.90,0.00,0
2022-01-05,Baixa,Baixa,-2.86,-0.44,0
2022-01-06,Baixa,Baixa,-2.73,-0.14,0
2022-01-07,Alta,Baixa,-2.51,0.20,1
2022-01-10,Baixa,Baixa,-2.39,-0.25,0
2022-01-11,Alta,Baixa,-2.36,0.00,0
2022-01-12,Alta,Baixa,-2.29,0.00,0
2022-01-13,Baixa,Baixa,-2.26,-0.60,0
2022-01-14,Baixa,Baixa,-2.31,-0.67,0
2022-01-18,Baixa,Baixa,-2.47,-0.27,0
2022-01-19,Baixa,Baixa,-2.55,-0.60,0
2022-01-20,Baixa,Baixa,-2.72,-0.67,0
2022-01-21,Baixa,Baixa,-2.91,-0.89,0
2022-01-24,Baixa,Baixa,-3.15,-0.38,0
2022-01-25,Baixa,Baixa,-3.26,0.57,1
2022-01-26,Baixa,Baixa,-3.46,-0.64,0
2022-01-27,Baixa,Baixa,-3.44,0.00,0
2022-01-28,Alta,Baixa,-3.35,0.67,1
2022-01-31,Alta,Baixa,-3.21,-0.20,0
2022-02-01,Alta,Baixa,-3.04,-0.38,0
2022-02-02,Baixa,Baixa,-2.83,-0.71,0
2022-02-03,Baixa,Baixa,-2.66,-0.33,0
2022-02-04,Baixa,Baixa,-2.63,0.00,0
2022-02-07,Baixa,Baixa,-2.57,-0.67,0
2022-02-08,Alta,Baixa,-2.46,0.80,1
2022-02-09,Alta,Baixa,-2.23,0.67,2
2022-02-10,Alta,Baixa,-2.07,0.29,3
2022-02-11,Alta,Baixa,-1.99,-0.70,0
2022-02-14,Baixa,Baixa,-1.92,-0.17,0
2022-02-15,Alta,Baixa,-1.81,0.56,1
2022-02-16,Alta,Baixa,-1.81,0.20,2
2022-02-17,Baixa,Baixa,-1.99,-0.86,0
2022-02-18,Baixa,Baixa,-2.08,-0.64,0
2022-02-22,Baixa,Baixa,-2.16,0.33,1
2022-02-23,Baixa,Baixa,-2.50,-0.93,0
2022-02-24,Baixa,Baixa,-3.21,-0.61,0
2022-02-25,Baixa,Baixa,-3.91,-0.80,0
2022-02-28,Baixa,Baixa,-4.88,-0.77,0
2022-03-01,Baixa,Baixa,-6.01,-0.95,0
2022-03-02,Baixa,Baixa,-6.93,0.08,1
2022-03-03,Baixa,Baixa,-7.74,-0.88,0
2022-03-04,Baixa,Baixa,-8.30,0.50,1
2022-03-07,Baixa,Baixa,-8.60,-0.38,0
2022-03-08,Baixa,Baixa,-8.75,0.06,1
2022-03-09,Alta,Baixa,-9.06,-0.29,0
2022-03-10,Baixa,Baixa,-9.18,-0.60,0
2022-03-11,Alta,Baixa,-9.43,-0.40,0
2022-03-14,Baixa,Baixa,-9.73,-0.67,0
2022-03-15,Baixa,Baixa,-9.98,-0.50,0
2022-03-16,Alta,Baixa,-10.09,0.45,1
2022-03-17,Alta,Baixa,-10.11,0.53,2
2022-03-18,Alta,Baixa,-9.84,0.35,3
2022-03-21,Alta,Baixa,-9.47,-0.53,0
2022-03-22,Alta,Baixa,-9.25,-0.33,0
2022-03-23,Alta,Baixa,-9.25,-1.00,0
2022-03-24,Alta,Baixa,-9.23,-0.25,0
2022-03-25,Baixa,Baixa,-9.61,-0.60,0
2022-03-28,Baixa,Baixa,-9.82,0.75,1
2022-03-29,Alta,Baixa,-9.72,0.00,0
2022-03-30,Alta,Baixa,-9.36,-0.40,0
2022-03-31,Alta,Baixa,-9.10,0.00,0
2022-04-01,Alta,Baixa,-8.56,0.70,1
2022-04-04,Alta,Baixa,-8.09,0.00,0
2022-04-05,Alta,Baixa,-7.72,0.00,0
2022-04-06,Baixa,Baixa,-7.77,-0.83,0
2022-04-07,Baixa,Baixa,-7.74,-0.40,0
2022-04-08,Baixa,Baixa,-7.91,0.00,0
2022-04-11,Baixa,Baixa,-8.33,0.40,1
2022-04-12,Baixa,Baixa,-8.89,0.50,2
2022-04-13,Baixa,Baixa,-9.14,0.50,3
2022-04-14,Baixa,Baixa,-9.34,1.00,4
2022-04-18,Baixa,Baixa,-9.61,-1.00,0
2022-04-19,Baixa,Baixa,-9.75,0.00,0
2022-04-20,Baixa,Baixa,-9.86,-1.00,0
2022-04-21,Alta,Baixa,-10.06,0.25,1
2022-04-22,Alta,Baixa,-10.61,0.33,2
2022-04-25,Alta,Baixa,-11.09,0.67,3
2022-04-26,Alta,Baixa,-11.38,0.00,0
2022-04-27,Alta,Baixa,-11.74,0.00,0
2022-04-28,Alta,Alta,-12.17,0.83,1
2022-04-29,Alta,Alta,-12.26,1.00,2
2022-05-02,Alta,Alta,-12.24,-0.50,0
2022-05-03,Alta,Alta,-12.19,-0.50,0
2022-05-04,Baixa,Alta,-12.14,-0.40,0
2022-05-05,Baixa,Alta,-11.74,-0.67,0
2022-05-06,Baixa,Alta,-10.32,-0.50,0
2022-05-09,Baixa,Baixa,-8.95,-1.00,0
2022-05-10,Baixa,Baixa,-6.87,-0.50,0
2022-05-11,Baixa,Baixa,-4.15,-0.50,0
2022-05-12,Baixa,Baixa,-1.91,-0.60,0
2022-05-13,Baixa,Baixa,-0.07,0.00,0
2022-05-16,Baixa,Baixa,1.30,0.67,1
2022-05-17,Alta,Baixa,1.88,-0.50,0
2022-05-18,Alta,Baixa,1.95,0.00,0
2022-05-19,Alta,Baixa,2.24,0.00,0
2022-05-20,Alta,Baixa,1.93,0.00,0
2022-05-23,Baixa,Baixa,2.00,-1.00,0
2022-05-24,Baixa,Baixa,1.99,0.00,0
2022-05-25,Baixa,Baixa,1.98,0.50,1
2022-05-26,Alta,Baixa,1.83,0.67,2
2022-05-27,Alta,Baixa,1.33,0.33,3
2022-05-31,Baixa,Baixa,0.42,-0.50,0
2022-06-01,Baixa,Baixa,-0.70,-0.67,0
2022-06-02,Baixa,Baixa,-1.53,0.50,1
2022-06-03,Alta,Baixa,-1.87,0.67,2
2022-06-06,Baixa,Baixa,-2.29,-0.50,0
2022-06-07,Alta,Baixa,-1.95,0.50,1
2022-06-08,Alta,Baixa,-1.54,0.33,2
2022-06-09,Alta,Baixa,-1.83,0.00,0
2022-06-10,Alta,Baixa,-2.19,0.50,1
2022-06-13,Baixa,Baixa,-2.48,-1.00,0
2022-06-14,Baixa,Baixa,-3.20,-0.25,0
2022-06-15,Baixa,Baixa,-3.77,0.50,1
2022-06-16,Baixa,Baixa,-3.95,-1.00,0
2022-06-17,Baixa,Baixa,-3.82,1.00,1
2022-06-21,Baixa,Baixa,-3.49,1.00,2
2022-06-22,Baixa,Baixa,-3.08,0.50,3
2022-06-23,Alta,Baixa,-2.66,0.50,4
2022-06-24,Alta,Baixa,-2.17,0.50,5
2022-06-27,Baixa,Baixa,-2.18,0.00,0
2022-06-28,Baixa,Baixa,-2.26,0.00,0
2022-06-29,Baixa,Baixa,-2.12,0.00,0
2022-06-30,Baixa,Baixa,-2.05,0.00,0
2022-07-01,Baixa,Baixa,-2.14,0.00,0
2022-07-05,Baixa,Baixa,-2.22,0.00,0
2022-07-06,Baixa,Baixa,-2.31,0.00,0
2022-07-07,Baixa,Baixa,-2.55,0.00,0
2022-07-08,Baixa,Baixa,-2.80,0.00,0
2022-07-11,Alta,Baixa,-2.96,1.00,1
2022-07-12,Baixa,Baixa,-3.22,-1.00,0
2022-07-13,Baixa,Baixa,-3.63,0.00,0
2022-07-14,Alta,Baixa,-3.81,1.00,1
2022-07-15,Alta,Baixa,-3.83,0.00,0
2022-07-18,Alta,Baixa,-3.70,1.00,1
2022-07-19,Alta,Alta,-3.32,1.00,2
2022-07-20,Alta,Baixa,-2.78,0.50,3
2022-07-21,Alta,Baixa,-2.06,0.33,4
2022-07-22,Baixa,Baixa,-1.58,0.00,0
2022-07-25,Baixa,Baixa,-1.17,0.00,0
2022-07-26,Baixa,Baixa,-0.75,0.00,0
2022-07-27,Baixa,Baixa,-0.51,1.00,1
2022-07-28,Baixa,Baixa,-0.59,1.00,2
2022-07-29,Alta,Alta,-0.42,0.75,3
2022-08-01,Alta,Baixa,-0.51,0.50,4
2022-08-02,Baixa,Baixa,-0.68,-1.00,0
2022-08-03,Alta,Alta,-0.68,0.67,1
2022-08-04,Alta,Alta,-0.42,-0.40,0
2022-08-05,Alta,Alta,-0.34,0.67,1
2022-08-08,Alta,Alta,-0.17,0.50,2
2022-08-09,Baixa,Alta,-0.17,0.00,0
2022-08-10,Alta,Alta,-0.09,0.67,1
2022-08-11,Baixa,Alta,-0.26,-1.00,0
2022-08-12,Baixa,Alta,-0.43,-0.67,0
2022-08-15,Baixa,Baixa,-0.51,-1.00,0
2022-08-16,Baixa,Alta,-0.51,0.00,0
2022-08-17,Baixa,Alta,-0.60,1.00,1
2022-08-18,Baixa,Alta,-0.60,0.00,0
2022-08-19,Alta,Alta,-0.77,1.00,1
2022-08-22,Alta,Alta,-0.85,1.00,2
2022-08-23,Alta,Alta,-0.86,0.00,0
2022-08-24,Baixa,Baixa,-0.69,-1.00,0
2022-08-25,Alta,Alta,-0.60,1.00,1
2022-08-26,Baixa,Baixa,-0.43,0.00,0
2022-08-29,Baixa,Baixa,-0.26,-0.50,0
2022-08-30,Baixa,Baixa,-0.17,-1.00,0
2022-08-31,Baixa,Baixa,-0.26,-0.50,0
2022-09-01,Baixa,Baixa,-0.35,-0.50,0
2022-09-02,Baixa,Baixa,-0.52,-0.50,0
2022-09-06,Baixa,Baixa,-0.78,-0.25,0
2022-09-07,Baixa,Baixa,-1.04,0.00,0
2022-09-08,Baixa,Baixa,-1.13,0.00,0
2022-09-09,Baixa,Baixa,-1.30,0.00,0
2022-09-12,Alta,Alta,-1.04,1.00,1
2022-09-13,Alta,Baixa,-0.87,-0.60,0
2022-09-14,Alta,Baixa,-0.61,0.50,1
2022-09-15,Alta,Baixa,-0.53,0.50,2
2022-09-16,Baixa,Baixa,-0.61,-1.00,0
2022-09-19,Baixa,Baixa,-0.70,0.50,1
2022-09-20,Baixa,Baixa,-0.88,-0.50,0
2022-09-21,Baixa,Baixa,-1.06,-1.00,0
2022-09-22,Baixa,Baixa,-1.23,0.00,0
2022-09-23,Baixa,Baixa,-1.24,-0.50,0
2022-09-26,Baixa,Baixa,-1.68,0.00,0
2022-09-27,Baixa,Baixa,-1.95,-0.33,0
2022-09-28,Baixa,Baixa,-2.40,0.33,1
2022-09-29,Baixa,Baixa,-2.67,-0.50,0
2022-09-30,Baixa,Baixa,-3.04,-0.67,0
2022-10-03,Baixa,Baixa,-3.06,0.50,1
2022-10-04,Alta,Baixa,-2.89,0.50,2
2022-10-05,Alta,Baixa,-2.64,-0.67,0
2022-10-06,Alta,Baixa,-2.47,0.00,0
2022-10-07,Alta,Baixa,-2.21,-0.67,0
2022-10-10,Baixa,Baixa,-2.41,-0.50,0
2022-10-11,Baixa,Baixa,-2.61,0.00,0
2022-10-12,Baixa,Baixa,-2.71,0.50,1
2022-10-13,Baixa,Baixa,-2.91,-1.00,0
2022-10-14,Baixa,Baixa,-3.21,0.00,0
2022-10-17,Alta,Baixa,-3.23,0.50,1
2022-10-18,Alta,Baixa,-3.25,1.00,2
2022-10-19,Alta,Baixa,-3.27,-1.00,0
2022-10-20,Baixa,Baixa,-3.48,-0.20,0
2022-10-21,Baixa,Baixa,-3.41,0.33,1
2022-10-24,Baixa,Baixa,-3.34,-1.00,0
2022-10-25,Baixa,Baixa,-3.56,-0.80,0
2022-10-26,Baixa,Baixa,-3.78,-0.50,0
2022-10-27,Baixa,Baixa,-3.81,0.00,0
2022-10-28,Baixa,Baixa,-3.94,-0.67,0
2022-10-31,Baixa,Baixa,-4.07,0.00,0
2022-11-01,Alta,Baixa,-3.89,0.80,1
2022-11-02,Alta,Baixa,-3.72,-0.25,0
2022-11-03,Alta,Alta,-3.23,0.75,1
2022-11-04,Alta,Alta,-2.94,-0.17,0
2022-11-07,Alta,Alta,-2.44,0.80,1
2022-11-08,Alta,Alta,-2.13,-0.40,0
2022-11-09,Alta,Alta,-1.93,0.50,1
2022-11-10,Baixa,Alta,-1.94,-0.67,0
2022-11-11,Alta,Alta,-1.52,0.00,0
2022-11-14,Alta,Alta,-1.30,0.00,0
2022-11-15,Alta,Alta,-0.87,1.00,1
2022-11-16,Baixa,Alta,-0.55,-0.60,0
2022-11-17,Alta,Alta,-0.22,0.33,1
2022-11-18,Alta,Alta,0.00,0.75,2
2022-11-21,Alta,Alta,0.11,0.67,3
2022-11-22,Alta,Alta,0.00,0.75,4
2022-11-23,Alta,Alta,0.33,0.33,5
2022-11-25,Alta,Alta,1.32,0.17,6
2022-11-28,Alta,Alta,2.53,0.20,7
2022-11-29,Alta,Alta,3.63,0.00,0
2022-11-30,Alta,Alta,4.73,0.00,0
2022-12-01,Alta,Alta,5.70,0.00,0
2022-12-02,Alta,Alta,5.97,1.00,1
2022-12-05,Baixa,Alta,5.89,0.00,0
2022-12-06,Baixa,Alta,5.94,0.00,0
2022-12-07,Baixa,Alta,6.19,1.00,1
2022-12-08,Baixa,Alta,6.22,0.33,2
2022-12-09,Baixa,Alta,5.84,-0.27,0
2022-12-12,Baixa,Alta,5.67,0.50,1
2022-12-13,Baixa,Alta,5.61,0.50,2
2022-12-14,Baixa,Alta,5.04,-0.33,0
2022-12-15,Baixa,Baixa,4.10,-0.90,0
2022-12-16,Baixa,Alta,3.78,0.25,1
2022-12-19,Baixa,Alta,3.07,0.00,0
2022-12-20,Baixa,Alta,2.65,0.20,1
2022-12-21,Baixa,Alta,2.45,-0.50,0
2022-12-22,Baixa,Alta,2.72,0.50,1
2022-12-23,Alta,Alta,2.80,0.00,0
2022-12-27,Alta,Alta,3.16,0.80,1
2022-12-28,Alta,Alta,3.23,0.67,2
2022-12-29,Alta,Alta,3.31,0.00,0
2022-12-30,Alta,Alta,3.38,1.00,1
2023-01-03,Alta,Alta,3.63,0.56,2
2023-01-04,Baixa,Alta,3.51,-0.33,0
2023-01-05,Baixa,Alta,3.58,0.00,0
2023-01-06,Baixa,Alta,3.64,0.00,0
2023-01-09,Alta,Alta,3.89,0.33,1
2023-01-10,Alta,Alta,3.85,1.00,2
2023-01-11,Alta,Alta,4.18,1.00,3
2023-01-12,Alta,Alta,4.49,0.80,4
2023-01-13,Alta,Alta,4.72,0.60,5
2023-01-17,Alta,Alta,4.68,0.50,6
2023-01-18,Alta,Alta,4.55,0.50,7
2023-01-19,Alta,Alta,4.43,0.00,0
2023-01-20,Baixa,Alta,3.88,0.50,1
2023-01-23,Baixa,Alta,3.69,-1.00,0
2023-01-24,Baixa,Alta,3.49,1.00,1
2023-01-25,Alta,Alta,3.55,0.33,2
2023-01-26,Baixa,Alta,3.36,-1.00,0
2023-01-27,Baixa,Alta,3.26,-0.25,0
2023-01-30,Baixa,Baixa,2.76,0.00,0
2023-01-31,Baixa,Baixa,2.51,-0.50,0
2023-02-01,Alta,Alta,2.49,0.71,1
2023-02-02,Alta,Alta,2.48,0.20,2
2023-02-03,Alta,Alta,2.70,0.33,3
2023-02-06,Alta,Alta,3.15,0.56,4
2023-02-07,Alta,Alta,3.52,0.50,5
2023-02-08,Alta,Alta,3.19,0.80,6
2023-02-09,Alta,Alta,3.32,0.75,7
2023-02-10,Alta,Alta,3.30,0.00,0
2023-02-13,Alta,Alta,3.43,0.00,0
2023-02-14,Alta,Alta,3.40,-0.40,0
2023-02-15,Alta,Alta,3.68,0.33,1
2023-02-16,Baixa,Alta,3.36,-0.57,0
2023-02-17,Baixa,Alta,3.05,-0.50,0
2023-02-21,Baixa,Alta,2.67,0.50,1
2023-02-22,Baixa,Alta,2.43,-0.33,0
2023-02-23,Baixa,Alta,2.41,-0.40,0
2023-02-24,Baixa,Alta,2.40,-0.25,0
2023-02-27,Baixa,Alta,2.61,0.20,1
2023-02-28,Alta,Alta,2.88,-0.33,0
2023-03-01,Alta,Alta,3.49,0.75,1
2023-03-02,Baixa,Alta,3.61,-1.00,0
2023-03-03,Baixa,Alta,4.01,-0.25,0
2023-03-06,Alta,Alta,4.26,0.25,1
2023-03-07,Alta,Alta,4.50,0.20,2
2023-03-08,Alta,Alta,4.25,0.85,3
2023-03-09,Baixa,Alta,4.15,-0.56,0
2023-03-10,Baixa,Alta,3.85,-0.54,0
2023-03-13,Baixa,Alta,3.36,-0.03,0
2023-03-14,Baixa,Baixa,2.81,-0.39,0
2023-03-15,Baixa,Baixa,2.33,0.15,1
2023-03-16,Baixa,Alta,1.99,0.84,2
2023-03-17,Baixa,Baixa,1.85,-0.32,0
2023-03-20,Alta,Alta,2.04,0.96,1
2023-03-21,Alta,Alta,2.22,0.83,2
2023-03-22,Alta,Alta,2.34,0.24,3
2023-03-23,Alta,Alta,2.58,0.94,4
2023-03-24,Alta,Alta,2.76,0.01,5
2023-03-27,Alta,Alta,2.62,-1.00,0
2023-03-28,Alta,Alta,2.42,0.55,1
2023-03-29,Alta,Alta,2.29,0.44,2
2023-03-30,Alta,Alta,2.09,0.17,3
2023-03-31,Alta,Alta,2.02,0.04,4
2023-04-03,Alta,Alta,2.13,-0.40,0
2023-04-04,Alta,Alta,2.24,0.11,1
2023-04-05,Alta,Alta,2.36,0.42,2
2023-04-06,Alta,Alta,2.41,-0.02,0
2023-04-10,Alta,Alta,2.40,1.00,1
2023-04-11,Alta,Alta,2.50,0.31,2
2023-04-12,Alta,Alta,2.73,0.46,3
2023-04-13,Alta,Alta,2.95,0.14,4
2023-04-14,Alta,Alta,2.94,-0.46,0
2023-04-17,Alta,Alta,2.98,0.54,1
2023-04-18,Alta,Alta,3.02,0.40,2
2023-04-19,Alta,Alta,2.71,-0.94,0
2023-04-20,Alta,Alta,2.47,0.49,1
2023-04-21,Alta,Alta,2.17,-0.48,0
2023-04-24,Baixa,Alta,1.65,-0.25,0
2023-04-25,Baixa,Alta,0.96,0.60,1
2023-04-26,Baixa,Alta,0.45,-0.81,0
2023-04-27,Alta,Alta,-0.06,0.16,1
2023-04-28,Alta,Alta,-0.22,0.10,2
2023-05-01,Baixa,Alta,-0.11,-0.28,0
2023-05-02,Baixa,Alta,0.06,-0.65,0
2023-05-03,Baixa,Alta,0.22,0.21,1
2023-05-04,Baixa,Alta,0.39,0.34,2
2023-05-05,Baixa,Alta,0.56,-0.10,0
2023-05-08,Alta,Alta,0.67,-0.22,0
2023-05-09,Alta,Alta,0.78,-0.34,0
2023-05-10,Baixa,Alta,0.78,-0.41,0
2023-05-11,Alta,Alta,0.78,-0.43,0
2023-05-12,Baixa,Alta,0.72,-0.76,0
2023-05-15,Alta,Alta,0.67,-0.40,0
2023-05-16,Alta,Alta,0.67,0.59,1
2023-05-17,Alta,Alta,0.78,-0.53,0
2023-05-18,Alta,Alta,0.77,-0.86,0
2023-05-19,Baixa,Alta,0.88,-0.80,0
2023-05-22,Baixa,Alta,1.05,-0.36,0
2023-05-23,Baixa,Alta,1.21,-0.03,0
2023-05-24,Alta,Alta,1.48,0.21,1
2023-05-25,Alta,Alta,1.87,-0.29,0
2023-05-26,Alta,Alta,2.03,-0.08,0
2023-05-30,Baixa,Alta,2.08,-0.59,0
2023-05-31,Baixa,Alta,2.01,0.38,1
2023-06-01,Baixa,Alta,1.84,0.59,2
2023-06-02,Baixa,Alta,1.62,-0.44,0
2023-06-05,Alta,Alta,1.40,0.57,1
2023-06-06,Alta,Alta,1.23,0.64,2
2023-06-07,Alta,Alta,1.17,0.70,3
2023-06-08,Alta,Alta,1.17,-0.41,0
2023-06-09,Alta,Alta,1.22,0.79,1
2023-06-12,Alta,Alta,1.43,0.86,2
2023-06-13,Alta,Alta,1.48,-0.67,0
2023-06-14,Alta,Alta,1.48,-0.57,0
2023-06-15,Alta,Alta,1.42,0.00,0
2023-06-16,Alta,Alta,1.42,0.92,1
2023-06-20,Baixa,Alta,1.31,-0.35,0
2023-06-21,Baixa,Alta,1.25,-0.20,0
2023-06-22,Baixa,Baixa,1.09,-0.82,0
2023-06-23,Baixa,Baixa,0.98,-0.24,0
2023-06-26,Baixa,Baixa,0.78,0.68,1
2023-06-27,Baixa,Baixa,0.52,-0.35,0
2023-06-28,Baixa,Baixa,0.31,0.18,1
2023-06-29,Alta,Alta,0.10,0.91,2
2023-06-30,Alta,Alta,0.05,0.86,3
2023-07-03,Alta,Alta,-0.10,-0.69,0
2023-07-05,Baixa,Baixa,-0.21,-0.49,0
2023-07-06,Baixa,Baixa,-0.21,0.05,1
2023-07-07,Baixa,Alta,-0.10,1.00,2
2023-07-10,Baixa,Baixa,-0.15,0.00,0
2023-07-11,Baixa,Baixa,-0.15,0.17,1
2023-07-12,Baixa,Baixa,-0.10,0.89,2
2023-07-13,Alta,Alta,-0.05,0.41,3
2023-07-14,Baixa,Baixa,0.05,0.09,4
2023-07-17,Baixa,Baixa,0.10,-0.53,0
2023-07-18,Baixa,Baixa,0.21,0.74,1
2023-07-19,Baixa,Baixa,0.26,0.00,0
2023-07-20,Baixa,Baixa,0.15,0.44,1
2023-07-21,Baixa,Baixa,-0.05,-0.69,0
2023-07-24,Baixa,Baixa,-0.15,0.08,1
2023-07-25,Baixa,Baixa,-0.36,-0.71,0
2023-07-26,Baixa,Baixa,-0.46,-0.62,0
2023-07-27,Baixa,Baixa,-0.51,-0.14,0
2023-07-28,Baixa,Baixa,-0.62,-0.13,0
2023-07-31,Baixa,Baixa,-0.67,-0.27,0
2023-08-01,Baixa,Baixa,-0.77,-0.40,0
2023-08-02,Baixa,Baixa,-0.82,0.19,1
2023-08-03,Baixa,Baixa,-0.93,-0.37,0
2023-08-04,Baixa,Baixa,-0.93,-0.28,0
2023-08-07,Baixa,Baixa,-1.09,0.44,1
2023-08-08,Baixa,Baixa,-1.04,-0.29,0
2023-08-09,Alta,Baixa,-1.09,0.03,1
2023-08-10,Alta,Baixa,-1.04,0.00,0
2023-08-11,Alta,Baixa,-0.99,0.00,0
2023-08-14,Baixa,Baixa,-0.94,-0.19,0
2023-08-15,Baixa,Baixa,-0.94,-0.33,0
2023-08-16,Baixa,Baixa,-1.05,-0.97,0
2023-08-17,Baixa,Baixa,-1.21,-1.00,0
2023-08-18,Baixa,Baixa,-1.42,0.00,0
2023-08-21,Baixa,Baixa,-1.58,0.41,1
2023-08-22,Baixa,Baixa,-1.80,0.19,2
2023-08-23,Alta,Baixa,-1.96,0.04,3
2023-08-24,Baixa,Baixa,-2.08,-0.19,0
2023-08-25,Baixa,Baixa,-2.19,-0.14,0
2023-08-28,Baixa,Baixa,-2.25,0.19,1
2023-08-29,Baixa,Baixa,-2.37,0.28,2
2023-08-30,Baixa,Baixa,-2.33,-0.60,0
2023-08-31,Alta,Baixa,-2.18,0.59,1
2023-09-01,Baixa,Baixa,-2.02,-0.65,0
2023-09-05,Baixa,Baixa,-1.92,0.69,1
2023-09-06,Alta,Baixa,-1.77,0.80,2
2023-09-07,Alta,Baixa,-1.61,0.54,3
2023-09-08,Alta,Baixa,-1.61,0.97,4
2023-09-11,Alta,Baixa,-1.62,0.04,5
2023-09-12,Alta,Baixa,-1.74,0.33,6
2023-09-13,Alta,Alta,-1.41,-0.10,0
2023-09-14,Alta,Alta,-1.13,1.00,1
2023-09-15,Alta,Alta,-0.85,0.88,2
2023-09-18,Alta,Alta,-0.51,0.58,3
2023-09-19,Alta,Alta,-0.11,-0.57,0
2023-09-20,Alta,Alta,-0.06,0.59,1
2023-09-21,Alta,Alta,-0.06,0.70,2
2023-09-22,Baixa,Alta,-0.11,-0.40,0
2023-09-25,Baixa,Alta,-0.17,0.27,1
2023-09-26,Baixa,Alta,-0.11,-0.02,0
2023-09-27,Alta,Alta,-0.17,1.00,1
2023-09-28,Alta,Alta,-0.11,0.68,2
2023-09-29,Alta,Alta,0.00,-0.13,0
2023-10-02,Alta,Alta,0.29,0.60,1
2023-10-03,Alta,Alta,0.51,-0.79,0
2023-10-04,Baixa,Alta,0.69,-0.99,0
2023-10-05,Baixa,Alta,0.80,-0.09,0
2023-10-06,Baixa,Alta,0.80,-0.75,0
2023-10-09,Baixa,Alta,0.68,-0.52,0
2023-10-10,Baixa,Alta,0.51,-0.40,0
2023-10-11,Baixa,Baixa,0.51,-0.78,0
2023-10-12,Baixa,Baixa,0.40,-0.57,0
2023-10-13,Baixa,Baixa,0.17,-0.94,0
2023-10-16,Baixa,Baixa,-0.11,-0.44,0
2023-10-17,Baixa,Baixa,-0.45,-0.25,0
2023-10-18,Baixa,Baixa,-0.79,-0.07,0
2023-10-19,Baixa,Baixa,-1.02,0.42,1
2023-10-20,Alta,Baixa,-0.90,0.67,2
2023-10-23,Alta,Baixa,-0.79,0.49,3
2023-10-24,Alta,Baixa,-0.51,-0.19,0
2023-10-25,Alta,Baixa,-0.28,-0.70,0
2023-10-26,Alta,Baixa,-0.11,0.00,0
2023-10-27,Baixa,Baixa,-0.11,-0.51,0
2023-10-30,Baixa,Baixa,-0.11,-0.18,0
2023-10-31,Baixa,Baixa,-0.17,0.58,1
2023-11-01,Baixa,Baixa,-0.23,0.65,2
2023-11-02,Alta,Baixa,-0.23,0.70,3
2023-11-03,Alta,Baixa,-0.11,0.96,4
2023-11-06,Alta,Baixa,0.06,0.07,5
2023-11-07,Alta,Baixa,0.17,0.60,6
2023-11-08,Baixa,Baixa,0.29,0.04,7
2023-11-09,Alta,Baixa,0.40,0.81,8
2023-11-10,Alta,Alta,0.46,0.59,9
2023-11-13,Alta,Alta,0.57,0.75,10
2023-11-14,Alta,Alta,0.91,0.92,11
2023-11-15,Alta,Alta,1.25,-0.05,0
2023-11-16,Alta,Alta,1.54,0.22,1
2023-11-17,Alta,Alta,1.76,0.90,2
2023-11-20,Alta,Alta,1.99,0.18,3
2023-11-21,Alta,Alta,1.98,-0.09,0
2023-11-22,Baixa,Alta,1.63,-0.28,0
2023-11-24,Baixa,Alta,1.29,0.10,1
2023-11-27,Baixa,Alta,1.06,0.10,2
2023-11-28,Baixa,Alta,0.67,0.00,0
2023-11-29,Baixa,Alta,0.39,-0.10,0
2023-11-30,Alta,Alta,0.44,0.57,1
2023-12-01,Alta,Alta,0.44,0.34,2
2023-12-04,Baixa,Alta,0.44,0.00,0
2023-12-05,Alta,Alta,0.50,0.43,1
2023-12-06,Alta,Alta,0.50,0.54,2
2023-12-07,Alta,Alta,0.44,0.75,3
2023-12-08,Alta,Alta,0.50,0.17,4
2023-12-11,Baixa,Alta,0.44,0.17,5
2023-12-12,Alta,Alta,0.28,0.60,6
2023-12-13,Baixa,Alta,0.11,0.12,7
2023-12-14,Baixa,Alta,0.22,0.29,8
2023-12-15,Baixa,Alta,0.11,-0.08,0
2023-12-18,Baixa,Alta,0.16,0.24,1
2023-12-19,Baixa,Alta,0.27,0.18,2
2023-12-20,Alta,Alta,0.49,0.91,3
2023-12-21,Alta,Alta,0.60,0.66,4
2023-12-22,Alta,Alta,0.88,-0.15,0
2023-12-26,Baixa,Alta,1.15,-0.60,0
2023-12-27,Baixa,Alta,1.59,0.09,1
2023-12-28,Baixa,Alta,1.91,0.62,2
2023-12-29,Baixa,Alta,2.13,0.54,3
2024-01-02,Baixa,Alta,2.23,-0.34,0
2024-01-03,Baixa,Alta,2.11,0.36,1
2024-01-04,Baixa,Alta,1.83,-0.24,0
2024-01-05,Baixa,Alta,1.55,-0.39,0
2024-01-08,Baixa,Baixa,1.28,-0.20,0
2024-01-09,Baixa,Baixa,1.17,-0.17,0
2024-01-10,Alta,Alta,1.27,0.75,1
2024-01-11,Baixa,Baixa,1.38,-0.95,0
2024-01-12,Alta,Baixa,1.53,0.19,1
2024-01-16,Baixa,Baixa,1.63,-0.28,0
2024-01-17,Alta,Baixa,1.63,0.90,1
2024-01-18,Baixa,Baixa,1.47,0.10,2
2024-01-19,Alta,Baixa,1.41,0.82,3
2024-01-22,Alta,Baixa,1.30,-0.23,0
2024-01-23,Alta,Baixa,1.30,0.20,1
2024-01-24,Alta,Baixa,1.19,0.31,2
2024-01-25,Baixa,Baixa,1.14,0.04,3
2024-01-26,Alta,Baixa,0.98,0.91,4
2024-01-29,Baixa,Baixa,0.67,-0.78,0
2024-01-30,Baixa,Baixa,0.31,0.96,1
2024-01-31,Alta,Baixa,0.10,0.90,2
2024-02-01,Alta,Alta,-0.05,0.71,3
2024-02-02,Alta,Alta,-0.20,0.47,4
2024-02-05,Alta,Alta,-0.15,0.50,5
2024-02-06,Alta,Alta,0.05,0.83,6
2024-02-07,Alta,Alta,0.36,0.72,7
2024-02-08,Alta,Alta,0.61,0.82,8
2024-02-09,Alta,Alta,0.87,-0.29,0
2024-02-12,Alta,Alta,1.17,0.76,1
2024-02-13,Alta,Alta,1.27,0.80,2
2024-02-14,Alta,Alta,1.37,0.71,3
2024-02-15,Alta,Alta,1.52,0.48,4
2024-02-16,Alta,Alta,1.72,0.00,0
2024-02-20,Alta,Alta,1.77,-0.23,0
2024-02-21,Baixa,Alta,1.81,-0.35,0
2024-02-22,Alta,Alta,1.81,0.46,1
2024-02-23,Alta,Alta,1.80,-0.11,0
2024-02-26,Alta,Alta,1.99,0.64,1
2024-02-27,Alta,Alta,2.23,0.62,2
2024-02-28,Alta,Alta,2.57,0.03,3
2024-02-29,Alta,Alta,2.81,0.30,4
2024-03-01,Alta,Alta,3.04,-0.10,0
2024-03-04,Alta,Alta,3.07,-0.23,0
2024-03-05,Baixa,Alta,3.01,0.52,1
2024-03-06,Alta,Alta,2.94,0.70,2
2024-03-07,Baixa,Alta,2.92,-0.41,0
2024-03-08,Baixa,Alta,2.81,-0.82,0
2024-03-11,Baixa,Alta,2.75,0.19,1
2024-03-12,Baixa,Alta,2.73,0.40,2
2024-03-13,Baixa,Alta,2.72,0.24,3
2024-03-14,Baixa,Alta,2.65,-0.27,0
2024-03-15,Baixa,Alta,2.64,-0.58,0
2024-03-18,Baixa,Alta,2.53,-0.49,0
2024-03-19,Baixa,Alta,2.48,-0.01,0
2024-03-20,Baixa,Alta,2.37,-0.04,0
2024-03-21,Baixa,Alta,2.22,-1.00,0
2024-03-22,Baixa,Alta,2.08,0.38,1
2024-03-25,Baixa,Alta,1.93,-0.27,0
2024-03-26,Baixa,Alta,1.83,-0.03,0
2024-03-27,Alta,Alta,1.87,0.80,1
2024-03-28,Alta,Alta,1.91,0.35,2
2024-04-01,Alta,Alta,1.99,0.06,3
2024-04-02,Baixa,Alta,2.03,0.36,4
2024-04-03,Alta,Alta,2.07,0.72,5
2024-04-04,Alta,Alta,1.97,-0.07,0
2024-04-05,Baixa,Alta,1.92,0.52,1
2024-04-08,Baixa,Baixa,1.82,-0.78,0
2024-04-09,Baixa,Baixa,1.77,0.68,1
2024-04-10,Alta,Baixa,1.76,0.35,2
2024-04-11,Alta,Alta,1.80,0.90,3
2024-04-12,Alta,Baixa,1.79,0.25,4
2024-04-15,Alta,Baixa,1.75,0.29,5
2024-04-16,Baixa,Baixa,1.70,0.00,0
2024-04-17,Alta,Baixa,1.57,0.71,1
2024-04-18,Baixa,Baixa,1.35,0.00,0
2024-04-19,Alta,Baixa,1.18,0.74,1
2024-04-22,Alta,Baixa,0.96,-0.51,0
2024-04-23,Alta,Baixa,0.79,0.04,1
2024-04-24,Alta,Baixa,0.67,0.64,2
2024-04-25,Baixa,Baixa,0.50,-0.42,0
2024-04-26,Baixa,Baixa,0.33,-0.21,0
2024-04-29,Baixa,Baixa,0.25,0.57,1
2024-04-30,Alta,Alta,0.21,0.73,2
2024-05-01,Alta,Alta,0.17,-0.10,0
2024-05-02,Alta,Alta,0.29,0.62,1
2024-05-03,Alta,Alta,0.33,0.63,2
2024-05-06,Alta,Alta,0.41,0.14,3
2024-05-07,Alta,Alta,0.29,0.60,4
2024-05-08,Alta,Alta,0.21,0.61,5
2024-05-09,Alta,Alta,-0.04,-0.91,0
2024-05-10,Alta,Alta,-0.12,0.67,1
2024-05-13,Alta,Alta,-0.21,-0.21,0
2024-05-14,Alta,Alta,-0.16,-0.06,0
2024-05-15,Alta,Alta,-0.21,0.18,1
2024-05-16,Alta,Alta,-0.12,-0.35,0
2024-05-17,Alta,Alta,-0.04,0.18,1
2024-05-20,Alta,Alta,-0.04,0.24,2
2024-05-21,Baixa,Alta,0.04,-0.33,0
2024-05-22,Alta,Alta,0.08,0.07,1
2024-05-23,Baixa,Alta,0.12,0.04,2
2024-05-24,Baixa,Alta,0.08,0.25,3
2024-05-28,Baixa,Alta,0.17,0.28,4
2024-05-29,Baixa,Alta,0.21,0.00,0
2024-05-30,Baixa,Alta,0.33,0.00,0
2024-05-31,Baixa,Alta,0.41,0.00,0
2024-06-03,Alta,Alta,0.70,1.00,1
2024-06-04,Baixa,Alta,0.74,-0.60,0
2024-06-05,Alta,Alta,1.07,0.78,1
2024-06-06,Alta,Alta,1.23,-0.22,0
2024-06-07,Alta,Alta,1.40,0.49,1
2024-06-10,Alta,Alta,1.31,-0.60,0
2024-06-11,Baixa,Alta,1.43,-0.55,0
2024-06-12,Baixa,Alta,1.26,-0.29,0
2024-06-13,Baixa,Alta,1.18,0.38,1
2024-06-14,Baixa,Alta,1.09,0.00,0
2024-06-17,Baixa,Alta,1.13,0.82,1
2024-06-18,Baixa,Alta,1.17,-0.15,0
2024-06-20,Baixa,Alta,1.17,0.51,1
2024-06-21,Baixa,Alta,1.16,-0.41,0
2024-06-24,Baixa,Alta,1.12,-0.29,0
2024-06-25,Baixa,Alta,1.04,0.40,1
2024-06-26,Baixa,Alta,0.96,0.61,2
2024-06-27,Baixa,Alta,0.91,0.49,3
2024-06-28,Alta,Alta,0.91,0.62,4
2024-07-01,Alta,Alta,0.95,0.44,5
2024-07-02,Alta,Alta,0.95,0.03,6
2024-07-03,Alta,Alta,0.95,0.03,7
2024-07-05,Alta,Alta,0.95,0.10,8
2024-07-08,Alta,Alta,0.94,0.39,9
2024-07-09,Alta,Alta,0.94,-0.45,0
2024-07-10,Alta,Alta,1.02,0.48,1
2024-07-11,Alta,Alta,1.02,0.53,2
2024-07-12,Baixa,Alta,0.94,-0.41,0
2024-07-15,Baixa,Alta,0.86,0.67,1
2024-07-16,Alta,Alta,0.74,0.68,2
2024-07-17,Alta,Alta,0.66,0.89,3
2024-07-18,Alta,Alta,0.66,0.65,4
2024-07-19,Alta,Alta,0.70,-0.01,0
2024-07-22,Alta,Alta,0.62,-0.97,0
2024-07-23,Alta,Alta,0.69,0.45,1
2024-07-24,Alta,Alta,0.66,0.67,2
2024-07-25,Alta,Alta,0.58,0.53,3
2024-07-26,Alta,Alta,0.54,-0.12,0
2024-07-29,Alta,Alta,0.61,-0.12,0
2024-07-30,Baixa,Alta,0.54,0.47,1
2024-07-31,Baixa,Alta,0.50,0.67,2
2024-08-01,Alta,Alta,0.50,0.50,3
2024-08-02,Alta,Alta,0.57,0.31,4
2024-08-05,Baixa,Alta,0.57,-0.07,0
2024-08-06,Baixa,Alta,0.61,-0.98,0
2024-08-07,Baixa,Alta,0.61,0.36,1
2024-08-08,Baixa,Alta,0.65,-0.32,0
2024-08-09,Alta,Alta,0.68,0.92,1
2024-08-12,Alta,Alta,0.76,-0.40,0
2024-08-13,Alta,Alta,0.83,-0.45,0
2024-08-14,Alta,Alta,0.95,0.34,1
2024-08-15,Alta,Alta,0.98,-0.52,0
2024-08-16,Baixa,Alta,0.75,-0.55,0
2024-08-19,Baixa,Alta,0.64,0.35,1
2024-08-20,Baixa,Alta,0.49,0.25,2
2024-08-21,Baixa,Alta,0.38,-0.93,0
2024-08-22,Baixa,Alta,0.22,-0.32,0
2024-08-23,Baixa,Alta,0.30,-0.21,0
2024-08-26,Baixa,Alta,0.26,-0.12,0
2024-08-27,Baixa,Alta,0.26,-0.16,0
2024-08-28,Baixa,Alta,0.22,0.42,1
2024-08-29,Baixa,Baixa,0.22,0.09,2
2024-08-30,Baixa,Baixa,0.19,0.33,3
2024-09-03,Baixa,Baixa,0.19,0.71,4
2024-09-04,Baixa,Baixa,0.19,0.39,5
2024-09-05,Alta,Alta,0.26,0.25,6
2024-09-06,Alta,Alta,0.34,0.13,7
2024-09-09,Alta,Alta,0.52,0.72,8
2024-09-10,Alta,Alta,0.60,-0.59,0
2024-09-11,Alta,Alta,0.74,0.55,1
2024-09-12,Alta,Alta,0.78,-0.33,0
2024-09-13,Alta,Alta,0.82,0.11,1
2024-09-16,Alta,Alta,0.78,0.41,2
2024-09-17,Alta,Alta,0.89,0.48,3
2024-09-18,Alta,Alta,0.96,-0.01,0
2024-09-19,Alta,Alta,1.11,0.80,1
2024-09-20,Alta,Alta,1.22,0.28,2
2024-09-23,Alta,Alta,1.32,0.04,3
2024-09-24,Alta,Alta,1.40,0.11,4
2024-09-25,Alta,Alta,1.43,-0.16,0
2024-09-26,Baixa,Alta,1.35,-0.02,0
2024-09-27,Alta,Alta,1.35,0.79,1
2024-09-30,Alta,Alta,1.31,0.11,2
2024-10-01,Alta,Alta,1.38,0.27,3
2024-10-02,Alta,Alta,1.44,0.05,4
2024-10-03,Alta,Alta,1.55,-0.52,0
2024-10-04,Baixa,Alta,1.55,-0.80,0
2024-10-07,Baixa,Alta,1.51,0.29,1
2024-10-08,Alta,Alta,1.46,0.91,2
2024-10-09,Baixa,Alta,1.32,-0.67,0
2024-10-10,Baixa,Alta,1.21,-0.42,0
2024-10-11,Baixa,Alta,1.10,-0.41,0
2024-10-14,Alta,Alta,1.02,0.42,1
2024-10-15,Baixa,Alta,0.92,-0.70,0
2024-10-16,Baixa,Alta,0.91,0.19,1
2024-10-17,Baixa,Alta,0.91,-0.49,0
2024-10-18,Baixa,Alta,0.91,-0.40,0
2024-10-21,Alta,Alta,0.94,0.71,1
2024-10-22,Alta,Alta,0.91,-0.25,0
2024-10-23,Alta,Alta,0.97,0.72,1
2024-10-24,Alta,Alta,1.01,-0.52,0
2024-10-25,Alta,Alta,1.08,-0.34,0
2024-10-28,Baixa,Alta,1.11,-0.43,0
2024-10-29,Baixa,Alta,1.14,0.89,1
2024-10-30,Baixa,Alta,1.10,0.48,2
2024-10-31,Alta,Alta,1.17,0.99,3
2024-11-01,Alta,Alta,1.24,-0.18,0
2024-11-04,Alta,Alta,1.34,0.60,1
2024-11-05,Baixa,Alta,1.40,-0.37,0
2024-11-06,Alta,Alta,1.57,0.73,1
2024-11-07,Alta,Alta,1.67,0.23,2
2024-11-08,Alta,Alta,1.86,0.65,3
2024-11-11,Alta,Alta,1.99,0.14,4
2024-11-12,Alta,Alta,2.19,-0.39,0
2024-11-13,Alta,Alta,2.28,0.48,1
2024-11-14,Alta,Alta,2.31,-0.07,0
2024-11-15,Baixa,Alta,2.20,-0.35,0
2024-11-18,Baixa,Alta,2.02,-0.12,0
2024-11-19,Baixa,Alta,1.85,-0.67,0
2024-11-20,Baixa,Alta,1.48,-0.35,0
2024-11-21,Baixa,Alta,1.24,0.15,1
2024-11-22,Baixa,Alta,1.11,0.32,2
2024-11-25,Alta,Alta,1.10,1.00,3
2024-11-26,Alta,Alta,1.04,0.01,4
2024-11-27,Alta,Alta,1.07,-0.60,0
2024-11-29,Alta,Alta,1.13,0.97,1
2024-12-02,Alta,Alta,1.16,0.12,2
2024-12-03,Alta,Alta,1.19,-0.10,0
2024-12-04,Alta,Alta,1.22,-0.48,0
2024-12-05,Alta,Alta,1.41,0.08,1
2024-12-06,Alta,Alta,1.44,-0.73,0
2024-12-09,Alta,Alta,1.50,0.32,1
2024-12-10,Alta,Alta,1.49,-0.47,0
2024-12-11,Alta,Alta,1.52,0.45,1
2024-12-12,Alta,Alta,1.51,0.22,2
2024-12-13,Alta,Alta,1.54,-0.38,0
2024-12-16,Baixa,Alta,1.54,-0.02,0
2024-12-17,Alta,Alta,1.63,0.16,1
2024-12-18,Baixa,Alta,1.62,0.00,0
2024-12-19,Alta,Alta,1.71,0.96,1
2024-12-20,Alta,Alta,1.95,0.61,2
2024-12-23,Alta,Alta,2.19,-0.56,0
2024-12-24,Alta,Alta,2.25,-0.58,0
2024-12-26,Alta,Alta,2.46,0.44,1
2024-12-27,Alta,Alta,2.57,0.72,2
2024-12-30,Alta,Alta,2.64,0.51,3
2024-12-31,Alta,Alta,2.72,-0.19,0
2025-01-02,Alta,Alta,3.01,0.71,1
2025-01-03,Alta,Alta,3.33,0.40,2
2025-01-06,Alta,Alta,3.61,0.40,3
2025-01-07,Alta,Alta,3.76,-0.32,0
2025-01-08,Alta,Alta,3.91,0.08,1
2025-01-10,Alta,Alta,4.03,0.27,2
2025-01-13,Alta,Alta,4.03,0.30,3
2025-01-14,Alta,Alta,4.06,0.14,4
2025-01-15,Alta,Alta,4.05,-0.39,0
2025-01-16,Alta,Alta,4.08,-0.56,0
2025-01-17,Alta,Alta,4.02,-0.80,0
2025-01-21,Alta,Alta,4.01,-0.16,0
2025-01-22,Baixa,Alta,3.81,-0.35,0
2025-01-23,Baixa,Alta,3.68,0.79,1
2025-01-24,Baixa,Alta,3.51,-0.21,0
2025-01-27,Baixa,Alta,3.24,-0.57,0
2025-01-28,Alta,Alta,3.08,0.76,1
2025-01-29,Alta,Alta,3.04,-0.31,0
2025-01-30,Baixa,Alta,2.86,-0.71,0
2025-01-31,Alta,Alta,2.84,0.59,1
2025-02-03,Baixa,Alta,2.88,-0.21,0
2025-02-04,Baixa,Alta,2.86,0.04,1
2025-02-05,Baixa,Alta,2.87,-0.52,0
2025-02-06,Baixa,Alta,3.01,-0.36,0
2025-02-07,Baixa,Alta,2.91,-0.47,0
2025-02-10,Baixa,Alta,2.87,-0.37,0
2025-02-11,Baixa,Alta,2.78,0.15,1
2025-02-12,Alta,Alta,2.74,0.39,2
2025-02-13,Alta,Alta,2.70,0.27,3
2025-02-14,Alta,Alta,2.71,-0.59,0
2025-02-18,Alta,Alta,2.79,-0.78,0
2025-02-19,Alta,Alta,2.80,-0.07,0
2025-02-20,Alta,Alta,2.76,0.41,1
2025-02-21,Alta,Alta,2.72,-0.83,0
2025-02-24,Alta,Alta,2.68,0.36,1
2025-02-25,Alta,Alta,2.62,-0.06,0
2025-02-26,Baixa,Alta,2.51,-0.70,0
2025-02-27,Baixa,Alta,2.33,-0.40,0
2025-02-28,Baixa,Alta,2.20,-0.13,0
2025-03-03,Baixa,Alta,2.12,0.18,1
2025-03-04,Baixa,Alta,1.97,-0.41,0
2025-03-05,Baixa,Alta,1.91,0.09,1
2025-03-06,Alta,Alta,1.95,0.19,2
2025-03-07,Alta,Alta,1.83,-0.38,0
2025-03-10,Baixa,Baixa,1.48,-0.91,0
2025-03-11,Baixa,Baixa,1.22,0.02,1
2025-03-12,Baixa,Baixa,0.96,0.14,2
2025-03-13,Baixa,Baixa,0.59,-0.68,0
2025-03-14,Alta,Baixa,0.41,0.62,1
2025-03-17,Alta,Alta,0.55,0.70,2
2025-03-18,Alta,Alta,0.59,-0.48,0
2025-03-19,Alta,Alta,0.54,-0.53,0
2025-03-20,Alta,Alta,0.50,-0.39,0
2025-03-21,Alta,Alta,0.43,0.48,1
2025-03-24,Alta,Alta,0.29,0.00,0
2025-03-25,Alta,Alta,0.16,-0.34,0
2025-03-26,Baixa,Alta,0.14,-0.57,0
2025-03-27,Alta,Alta,0.16,0.67,1
2025-03-28,Baixa,Alta,0.09,-0.79,0
2025-03-31,Baixa,Baixa,-0.07,-0.75,0
2025-04-01,Baixa,Baixa,-0.18,0.10,1
2025-04-02,Baixa,Baixa,-0.32,0.27,2
2025-04-03,Baixa,Baixa,-0.38,-0.15,0
2025-04-04,Baixa,Baixa,-0.63,-0.40,0
2025-04-07,Baixa,Baixa,-0.88,-0.27,0
2025-04-08,Baixa,Baixa,-0.99,-0.51,0
2025-04-09,Baixa,Baixa,-1.15,0.66,1
2025-04-10,Baixa,Baixa,-1.31,0.13,2
2025-04-11,Baixa,Baixa,-1.20,-0.55,0
2025-04-14,Alta,Baixa,-1.05,0.29,1
2025-04-15,Alta,Baixa,-0.93,-0.07,0
2025-04-16,Alta,Baixa,-0.73,0.69,1
2025-04-17,Alta,Alta,-0.46,0.59,2
2025-04-21,Alta,Baixa,-0.30,-0.82,0
2025-04-22,Alta,Baixa,-0.07,0.45,1
2025-04-23,Alta,Alta,0.05,-0.69,0
2025-04-24,Alta,Alta,0.16,0.41,1
2025-04-25,Baixa,Baixa,0.07,-0.61,0
2025-04-28,Alta,Alta,0.09,0.13,1
2025-04-29,Alta,Alta,0.05,-0.51,0
2025-04-30,Alta,Alta,0.00,0.22,1
2025-05-01,Alta,Alta,-0.07,-0.35,0
2025-05-02,Alta,Alta,-0.02,-0.09,0
2025-05-05,Baixa,Alta,-0.07,-0.75,0
2025-05-06,Alta,Alta,-0.07,0.51,1
2025-05-07,Alta,Alta,-0.05,0.54,2
2025-05-08,Alta,Alta,0.09,0.60,3
2025-05-09,Alta,Alta,0.18,-0.43,0
2025-05-12,Alta,Alta,0.44,0.13,1
2025-05-13,Alta,Alta,0.74,0.55,2
2025-05-14,Alta,Alta,0.97,-0.78,0
2025-05-15,Alta,Alta,1.33,0.48,1
2025-05-16,Alta,Alta,1.68,-0.09,0
2025-05-19,Alta,Alta,1.99,0.58,1
2025-05-20,Alta,Alta,2.44,-0.35,0
2025-05-21,Alta,Alta,2.94,-0.44,0
2025-05-22,Baixa,Alta,2.99,-0.76,0
2025-05-23,Baixa,Alta,3.14,0.14,1
2025-05-27,Baixa,Alta,3.15,0.24,2
2025-05-28,Baixa,Alta,2.74,-0.75,0
2025-05-29,Baixa,Alta,2.37,0.20,1
2025-05-30,Baixa,Alta,2.11,-0.11,0
2025-06-02,Alta,Alta,1.93,0.57,1
2025-06-03,Baixa,Alta,1.61,-0.83,0
2025-06-04,Baixa,Alta,1.43,-0.28,0
2025-06-05,Baixa,Alta,1.34,0.82,1
2025-06-06,Baixa,Alta,1.19,-0.34,0
2025-06-09,Baixa,Alta,0.90,-0.51,0
2025-06-10,Baixa,Alta,0.77,-0.28,0
2025-06-11,Baixa,Baixa,0.66,-0.76,0
2025-06-12,Baixa,Baixa,0.51,0.45,1
2025-06-13,Baixa,Baixa,0.13,-0.08,0
2025-06-16,Baixa,Baixa,-0.09,0.61,1
2025-06-17,Baixa,Baixa,-0.13,0.01,2
2025-06-18,Baixa,Baixa,-0.11,0.04,3
2025-06-20,Baixa,Baixa,-0.15,0.00,0
2025-06-23,Baixa,Baixa,0.06,-0.06,0
2025-06-24,Alta,Baixa,0.23,0.51,1
2025-06-25,Alta,Baixa,0.26,-0.28,0
2025-06-26,Alta,Baixa,0.32,0.69,1
2025-06-27,Alta,Baixa,0.40,-0.20,0
2025-06-30,Alta,Baixa,0.57,0.75,1
2025-07-01,Alta,Baixa,0.47,-0.48,0
2025-07-02,Alta,Baixa,0.47,0.30,1
2025-07-03,Baixa,Baixa,0.34,-0.09,0
2025-07-07,Baixa,Baixa,0.17,-0.20,0
2025-07-08,Alta,Baixa,0.04,0.58,1
2025-07-09,Alta,Baixa,0.23,0.71,2
2025-07-10,Alta,Baixa,0.17,-0.50,0
2025-07-11,Alta,Alta,0.32,-0.71,0
2025-07-14,Alta,Alta,0.70,0.07,1
2025-07-15,Alta,Alta,0.99,-0.99,0
2025-07-16,Alta,Alta,1.12,-0.46,0
2025-07-17,Alta,Alta,1.37,-0.33,0
2025-07-18,Alta,Alta,1.43,0.38,1
2025-07-21,Alta,Alta,1.30,-0.23,0
2025-07-22,Baixa,Alta,1.15,0.67,1
2025-07-23,Alta,Alta,1.11,0.04,2
2025-07-24,Alta,Alta,1.10,0.82,3
2025-07-25,Alta,Alta,1.00,-0.57,0
2025-07-28,Alta,Alta,1.02,0.54,1
2025-07-29,Alta,Alta,0.89,0.59,2
2025-07-30,Alta,Alta,0.74,0.72,3
2025-07-31,Baixa,Alta,0.43,-0.82,0
2025-08-01,Baixa,Alta,0.06,-0.68,0
2025-08-04,Baixa,Alta,-0.43,-0.33,0
2025-08-05,Baixa,Alta,-0.66,-0.27,0
2025-08-06,Baixa,Alta,-0.76,0.65,1
2025-08-07,Alta,Alta,-0.74,-0.23,0
2025-08-08,Alta,Alta,-0.35,0.25,1
2025-08-11,Alta,Alta,0.00,-0.51,0
2025-08-12,Alta,Alta,0.45,0.76,1
2025-08-13,Alta,Alta,0.58,-0.79,0
2025-08-14,Alta,Alta,0.95,0.73,1
2025-08-15,Alta,Alta,1.13,0.08,2
2025-08-18,Alta,Alta,1.38,0.49,3
2025-08-19,Alta,Alta,1.66,-0.06,0
2025-08-20,Baixa,Alta,1.95,-0.93,0
2025-08-21,Baixa,Alta,2.07,0.15,1
2025-08-22,Baixa,Alta,2.31,-0.09,0
2025-08-25,Baixa,Alta,2.40,-0.34,0
2025-08-26,Baixa,Alta,2.57,-0.60,0
2025-08-27,Baixa,Alta,2.84,0.06,1
2025-08-28,Alta,Alta,3.21,0.60,2
2025-08-29,Alta,Alta,3.37,-0.70,0
2025-09-02,Baixa,Alta,3.51,-0.53,0
2025-09-03,Baixa,Alta,3.47,0.62,1
2025-09-04,Alta,Alta,3.45,0.59,2
2025-09-05,Baixa,Alta,3.17,-0.64,0
2025-09-08,Baixa,Alta,2.84,0.36,1
2025-09-09,Baixa,Alta,2.61,-0.85,0
2025-09-10,Baixa,Baixa,2.11,-0.62,0
2025-09-11,Baixa,Baixa,1.87,0.58,1
2025-09-12,Baixa,Baixa,1.71,-0.06,0
2025-09-15,Baixa,Baixa,1.69,-0.44,0
2025-09-16,Baixa,Baixa,1.66,-0.09,0
2025-09-17,Baixa,Baixa,1.77,0.08,1
2025-09-18,Alta,Baixa,1.62,0.20,2
2025-09-19,Alta,Alta,1.59,0.67,3
2025-09-22,Alta,Baixa,1.42,-0.11,0
2025-09-23,Alta,Baixa,1.12,-0.55,0
2025-09-24,Baixa,Baixa,0.82,-0.74,0
2025-09-25,Alta,Baixa,0.66,0.51,1
2025-09-26,Baixa,Baixa,0.38,-0.58,0
2025-09-29,Baixa,Baixa,0.29,0.66,1
2025-09-30,Alta,Baixa,0.35,0.37,2
2025-10-01,Baixa,Baixa,0.38,-0.38,0
2025-10-02,Baixa,Baixa,0.27,-0.60,0
2025-10-03,Baixa,Baixa,0.07,0.27,1
2025-10-06,Baixa,Baixa,-0.13,-0.16,0
2025-10-07,Baixa,Baixa,-0.33,-0.01,0
2025-10-08,Baixa,Baixa,-0.58,-0.77,0
2025-10-09,Baixa,Baixa,-0.76,0.60,1
2025-10-10,Baixa,Baixa,-0.80,-0.51,0
2025-10-13,Baixa,Baixa,-0.74,-0.41,0
2025-10-14,Baixa,Baixa,-0.64,-0.27,0
2025-10-15,Alta,Baixa,-0.31,0.72,1
2025-10-16,Alta,Alta,0.00,0.86,2
2025-10-17,Alta,Baixa,0.11,-0.63,0
2025-10-20,Alta,Baixa,0.04,0.60,1
2025-10-21,Baixa,Baixa,-0.15,-0.81,0
2025-10-22,Baixa,Baixa,-0.57,-0.37,0
2025-10-23,Baixa,Baixa,-0.88,-0.63,0
2025-10-24,Baixa,Baixa,-1.11,-0.08,0
2025-10-27,Baixa,Baixa,-1.30,-0.29,0
2025-10-28,Baixa,Baixa,-1.52,-0.79,0
2025-10-29,Baixa,Baixa,-1.76,-0.31,0
2025-10-30,Baixa,Baixa,-1.92,-0.39,0
2025-10-31,Baixa,Baixa,-2.00,0.44,1
2025-11-03,Baixa,Baixa,-2.11,-0.44,0
2025-11-04,Baixa,Baixa,-2.18,-0.61,0
2025-11-05,Baixa,Baixa,-2.00,0.19,1
2025-11-06,Baixa,Baixa,-2.07,-0.76,0
2025-11-07,Baixa,Baixa,-2.34,-0.13,0
2025-11-10,Alta,Baixa,-2.25,0.24,1
2025-11-11,Alta,Baixa,-2.05,-0.66,0
2025-11-12,Alta,Baixa,-2.02,-0.37,0
2025-11-13,Alta,Baixa,-1.96,0.66,1
2025-11-14,Alta,Baixa,-1.58,0.50,2
2025-11-17,Alta,Baixa,-1.51,0.07,3
2025-11-18,Alta,Baixa,-1.40,0.60,4
2025-11-19,Alta,Alta,-1.03,0.51,5
2025-11-20,Alta,Alta,-0.74,0.25,6
2025-11-21,Alta,Alta,-0.53,0.88,7
2025-11-24,Alta,Alta,-0.31,-0.17,0
2025-11-25,Alta,Alta,-0.12,-0.21,0
2025-11-26,Alta,Alta,-0.10,-0.28,0
2025-11-28,Alta,Alta,0.00,0.06,1
2025-12-01,Baixa,Alta,-0.06,-0.62,0
2025-12-02,Baixa,Alta,-0.14,0.00,0
2025-12-03,Baixa,Baixa,-0.39,-0.78,0
2025-12-04,Baixa,Baixa,-0.55,0.70,1
2025-12-05,Baixa,Baixa,-0.73,0.67,2
2025-12-08,Baixa,Alta,-0.69,-0.15,0
2025-12-09,Baixa,Alta,-0.71,-0.01,0
2025-12-10,Alta,Alta,-0.63,0.58,1
2025-12-11,Alta,Alta,-0.59,0.09,2
2025-12-12,Alta,Alta,-0.46,0.60,3
2025-12-15,Alta,Alta,-0.38,0.58,4
2025-12-16,Alta,Alta,-0.18,0.42,5
2025-12-17,Alta,Alta,0.00,-0.44,0
2025-12-18,Alta,Alta,0.18,0.01,1
2025-12-19,Baixa,Alta,0.20,-0.74,0
2025-12-22,Alta,Alta,0.30,0.89,1
2025-12-23,Alta,Alta,0.36,0.06,2
2025-12-24,Alta,Alta,0.48,0.46,3
2025-12-26,Alta,Alta,0.42,-0.41,0
2025-12-29,Alta,Alta,0.32,0.10,1
2025-12-30,Alta,Alta,0.26,0.49,2
2025-12-31,Baixa,Alta,0.12,-0.11,0
2026-01-02,Alta,Alta,0.00,-0.09,0
2026-01-05,Baixa,Alta,0.02,-0.46,0
2026-01-06,Alta,Alta,0.22,0.79,1
2026-01-07,Baixa,Alta,0.26,-0.34,0
2026-01-08,Baixa,Alta,0.36,-0.17,0
2026-01-09,Baixa,Alta,0.42,0.23,1
2026-01-12,Baixa,Alta,0.52,0.00,0
2026-01-13,Alta,Alta,0.65,0.38,1
2026-01-14,Alta,Alta,0.81,0.52,2
2026-01-15,Alta,Alta,0.99,0.10,3
2026-01-16,Alta,Alta,1.24,-0.05,0
2026-01-20,Alta,Alta,1.38,0.31,1
2026-01-21,Alta,Alta,1.51,0.21,2
2026-01-22,Alta,Alta,1.73,0.31,3
2026-01-23,Baixa,Alta,1.62,-0.75,0
2026-01-26,Baixa,Alta,1.50,0.07,1
2026-01-27,Baixa,Alta,1.48,-0.12,0
2026-01-28,Baixa,Alta,1.32,-0.05,0
2026-01-29,Alta,Alta,1.16,0.66,1
2026-01-30,Alta,Alta,1.23,-0.29,0
2026-02-02,Baixa,Alta,1.15,-0.65,0
2026-02-03,Baixa,Alta,0.92,-0.30,0
2026-02-04,Baixa,Alta,0.76,-0.12,0
2026-02-05,Baixa,Baixa,0.46,-0.53,0
2026-02-06,Baixa,Baixa,0.25,0.40,1
2026-02-09,Alta,Alta,0.09,0.68,2
2026-02-10,Alta,Alta,0.09,0.39,3
2026-02-11,Alta,Alta,0.11,0.52,4
2026-02-12,Baixa,Alta,0.19,-0.67,0
2026-02-13,Baixa,Baixa,0.19,-0.29,0
2026-02-17,Baixa,Baixa,0.30,0.04,1
2026-02-18,Alta,Alta,0.44,0.69,2
2026-02-19,Alta,Alta,0.57,0.82,3
2026-02-20,Alta,Alta,0.72,0.45,4
2026-02-23,Alta,Alta,0.91,-0.22,0
2026-02-24,Alta,Alta,0.96,0.04,1
2026-02-25,Alta,Alta,1.00,0.40,2
2026-02-26,Baixa,Alta,0.96,-0.52,0
2026-02-27,Alta,Alta,0.88,0.59,1
2026-03-02,Alta,Alta,0.79,0.28,2
2026-03-03,Baixa,Baixa,0.64,-0.49,0
2026-03-04,Baixa,Alta,0.52,0.85,1
2026-03-05,Baixa,Baixa,0.41,-0.64,0
2026-03-06,Baixa,Alta,0.34,-0.89,0
2026-03-09,Baixa,Baixa,0.24,-0.52,0
2026-03-10,Baixa,Baixa,0.22,0.17,1
2026-03-11,Baixa,Baixa,0.17,0.83,2
2026-03-12,Baixa,Baixa,-0.20,-0.92,0
2026-03-13,Baixa,Baixa,-0.33,-0.14,0
2026-03-16,Baixa,Baixa,-0.45,0.32,1
2026-03-17,Baixa,Baixa,-0.58,-0.31,0
2026-03-18,Baixa,Baixa,-0.71,0.16,1
2026-03-19,Alta,Baixa,-0.48,0.74,2
2026-03-20,Alta,Baixa,-0.52,-0.83,0
2026-03-23,Baixa,Baixa,-0.54,-0.24,0
2026-03-24,Baixa,Baixa,-0.54,0.10,1
2026-03-25,Baixa,Baixa,-0.58,-0.14,0
2026-03-26,Baixa,Baixa,-0.73,-0.83,0
2026-03-27,Baixa,Baixa,-0.92,0.04,1
2026-03-30,Baixa,Baixa,-1.16,-0.90,0
2026-03-31,Baixa,Baixa,-1.35,0.72,1
2026-04-01,Alta,Baixa,-1.47,-0.04,0
2026-04-02,Alta,Baixa,-1.47,0.79,1
2026-04-06,Alta,Baixa,-1.42,0.70,2
2026-04-07,Alta,Baixa,-1.31,-0.24,0
2026-04-08,Alta,Baixa,-1.14,0.16,1
2026-04-09,Alta,Baixa,-1.01,0.75,2
2026-04-10,Alta,Baixa,-0.88,-0.60,0
2026-04-13,Alta,Alta,-0.75,0.43,1
2026-04-14,Alta,Alta,-0.58,-0.05,0
2026-04-15,Alta,Alta,-0.46,-0.43,0
2026-04-16,Alta,Alta,-0.29,0.29,1
2026-04-17,Alta,Alta,-0.12,0.05,2
2026-04-20,Alta,Alta,0.06,-0.87,0
2026-04-21,Baixa,Alta,0.12,-0.71,0
2026-04-22,Alta,Alta,0.19,0.77,1
2026-04-23,Alta,Alta,0.17,0.24,2
2026-04-24,Baixa,Alta,0.02,-0.72,0
2026-04-27,Baixa,Alta,-0.10,-0.54,0
2026-04-28,Baixa,Baixa,-0.15,-0.69,0
2026-04-29,Baixa,Baixa,-0.33,-0.97,0
2026-04-30,Baixa,Baixa,-0.56,0.21,1
2026-05-01,Baixa,Baixa,-0.66,-0.10,0
2026-05-04,Baixa,Baixa,-0.87,-0.38,0
2026-05-05,Baixa,Baixa,-1.05,-0.38,0
2026-05-06,Baixa,Baixa,-1.16,-0.64,0
2026-05-07,Baixa,Baixa,-1.28,-0.86,0
2026-05-08,Alta,Baixa,-1.32,0.26,1
2026-05-11,Alta,Baixa,-1.29,-0.02,0
2026-05-12,Alta,Baixa,-1.27,-0.02,0
2026-05-13,Alta,Alta,-0.86,0.77,1
2026-05-14,Alta,Alta,-0.59,-0.89,0
2026-05-15,Alta,Alta,-0.32,0.11,1
2026-05-18,Alta,Alta,-0.04,0.43,2
2026-05-19,Alta,Alta,0.28,0.72,3
2026-05-20,Alta,Alta,0.22,-0.07,0
2026-05-21,Alta,Alta,0.38,0.89,1
2026-05-22,Alta,Alta,0.83,-0.29,0
2026-05-26,Alta,Alta,1.01,-0.24,0
2026-05-27,Alta,Alta,1.21,0.59,1
2026-05-28,Alta,Alta,1.40,-0.28,0
2026-05-29,Baixa,Alta,1.54,0.06,1
2026-06-01,Baixa,Alta,1.22,-0.51,0
2026-06-02,Baixa,Alta,1.23,0.33,1
2026-06-03,Baixa,Alta,1.09,-0.78,0
2026-06-04,Baixa,Baixa,0.93,-0.43,0
2026-06-05,Baixa,Baixa,0.78,0.16,1
2026-06-08,Baixa,Baixa,0.70,-0.72,0
2026-06-09,Baixa,Baixa,0.56,-0.38,0
2026-06-10,Baixa,Baixa,0.62,0.21,1
2026-06-11,Baixa,Baixa,0.64,0.88,2
2026-06-12,Alta,Alta,0.73,0.72,3
2026-06-15,Alta,Baixa,0.81,-0.39,0
2026-06-16,Alta,Alta,0.88,0.30,1
2026-06-17,Alta,Baixa,0.88,-0.40,0
2026-06-18,Alta,Baixa,0.79,-0.05,0
2026-06-22,Baixa,Baixa,0.57,-0.45,0
2026-06-23,Baixa,Baixa,0.44,0.78,1
